199381.992708 0.028890 0.210013 -9.831405
199382.002704 0.020507 0.190404 -9.856853
199382.012744 0.025447 0.189955 -9.827065
199382.022754 0.014071 0.203128 -9.826166
199382.032784 0.018711 0.201182 -9.851613
199382.042788 0.031135 0.210313 -9.851015
199382.052818 0.028291 0.192200 -9.849668
199382.062835 0.023351 0.219743 -9.845327
199382.072836 0.038470 0.212708 -9.847722
199382.082867 0.010628 0.213157 -9.859248
199382.092867 0.039967 0.208367 -9.854907
199382.102894 0.013472 0.199834 -9.846374
199382.112918 0.021855 0.196990 -9.840237
199382.122935 0.023052 0.201780 -9.848171
199382.132943 0.019909 0.200733 -9.839788
199382.142962 0.017813 0.203876 -9.834848
199382.152983 0.011676 0.231868 -9.842932
199382.162981 0.001946 0.210612 -9.834100
199382.172999 0.027243 0.212558 -9.837393
199382.183016 0.027094 0.210013 -9.829609
199382.193036 0.017963 0.195493 -9.831555
199382.203048 0.027842 0.200433 -9.859846
199382.213082 0.011975 0.211810 -9.859697
199382.223091 0.015867 0.194146 -9.851015
199382.233114 0.029938 0.205672 -9.837842
199382.243105 0.012574 0.201331 -9.845177
199382.253123 0.027992 0.200284 -9.828112
199382.263155 0.022603 0.218096 -9.840986
199382.273177 0.007634 0.219893 -9.838740
199382.283183 0.022304 0.209864 -9.850865
199382.293210 0.025447 0.204624 -9.835447
199382.303226 0.033830 0.207918 -9.849967
199382.313231 0.019609 0.228275 -9.827514
199382.323256 0.017963 0.192949 -9.835746
199382.333273 0.037572 0.207768 -9.850566
199382.343279 0.021705 0.219743 -9.846973
199382.353305 0.023950 0.202229 -9.852811
199382.363322 0.022603 0.211959 -9.859846
199382.373323 0.020358 0.198188 -9.820478
199382.383345 0.024399 0.199535 -9.852362
199382.393374 0.028141 0.217348 -9.840986
199382.403379 0.012424 0.198188 -9.845925
199382.413405 0.020507 0.194146 -9.847722
199382.423421 0.013921 0.189656 -9.836345
199382.433427 0.028740 0.198188 -9.845776
199382.443453 0.015717 0.213456 -9.862541
199382.453468 0.021705 0.204774 -9.840986
199382.463482 0.024549 0.223485 -9.824669
199382.473501 0.030087 0.213007 -9.848769
199382.483518 0.013921 0.199685 -9.836196
199382.493532 0.028890 0.207768 -9.843830
199382.503549 0.004491 0.211211 -9.844279
199382.513565 0.016615 0.208816 -9.848171
199382.523569 0.023651 0.193398 -9.845327
199382.533597 0.022304 0.205972 -9.831106
199382.543614 0.026495 0.195344 -9.859248
199382.553632 0.033979 0.204624 -9.831405
199382.563645 0.017065 0.201780 -9.827963
199382.573662 0.004940 0.203277 -9.851613
199382.583656 0.013921 0.208217 -9.852661
199382.593694 0.015119 0.216600 -9.837842
199382.603710 0.024549 0.196841 -9.860744
199382.613703 0.033830 0.207469 -9.828711
199382.623713 0.013472 0.212857 -9.828262
199382.633741 0.020208 0.203128 -9.851464
199382.643745 0.023052 0.188159 -9.840986
199382.653774 0.012274 0.204175 -9.839189
199382.663802 0.020507 0.210313 -9.854158
199382.673805 0.022753 0.193548 -9.841584
199382.683832 0.010478 0.182620 -9.855954
199382.693850 0.013472 0.215103 -9.847123
199382.703859 -0.005089 0.214504 -9.856254
199382.713869 0.030387 0.206271 -9.846075
199382.723899 0.038320 0.214803 -9.861942
199382.733919 0.015717 0.211959 -9.853260
199382.743914 0.033979 0.203726 -9.840237
199382.753954 0.028291 0.204624 -9.850566
199382.763948 0.033081 0.219593 -9.849069
199382.773973 0.018561 0.209564 -9.835447
199382.784005 0.044757 0.198936 -9.855655
199382.794008 0.017214 0.194595 -9.828412
199382.804037 0.013173 0.202679 -9.844279
199382.814054 0.019609 0.199385 -9.852362
199382.824068 0.017214 0.205672 -9.846524
199382.834087 0.018262 0.222138 -9.843530
199382.844102 0.025148 0.214654 -9.839040
199382.854097 0.019160 0.212109 -9.835148
199382.864134 0.017663 0.205822 -9.854907
199382.874151 0.020956 0.199535 -9.834100
199382.884158 0.019609 0.200134 -9.845776
199382.894185 0.021705 0.217498 -9.840686
199382.904203 0.004940 0.206870 -9.837992
199382.914217 0.026794 0.216151 -9.851913
199382.924236 0.025447 0.214504 -9.845476
199382.934254 0.026495 0.197290 -9.854158
199382.944261 -0.000449 0.193997 -9.833651
199382.954287 0.012424 0.196541 -9.849668
199382.964304 0.012873 0.197888 -9.841884
199382.974306 -0.004042 0.202529 -9.834399
199382.984338 0.022453 0.219144 -9.844578
199382.994354 0.017813 0.211660 -9.849967
199383.004366 0.028291 0.209415 -9.853859
199383.014390 0.040715 0.208217 -9.847572
199383.024397 0.024399 0.213905 -9.843680
199383.034426 0.007335 0.204175 -9.841884
199383.044443 0.028291 0.212857 -9.830358
199383.054446 0.016765 0.218695 -9.843081
199383.064455 0.021106 0.204924 -9.848769
199383.074479 0.025746 0.179327 -9.839040
199383.084496 0.012724 0.211061 -9.847422
199383.094530 0.027094 0.225431 -9.853260
199383.104528 0.028740 0.212857 -9.843979
199383.114559 0.011077 0.215252 -9.830358
199383.124564 0.020807 0.207618 -9.834250
199383.134584 0.026794 0.199685 -9.837393
199383.144594 0.011077 0.205672 -9.841285
199383.154615 0.015568 0.199834 -9.851314
199383.164654 0.034428 0.210762 -9.835447
199383.174669 0.025297 0.205074 -9.846674
199383.184686 0.040715 0.198338 -9.842183
199383.194704 0.018412 0.207169 -9.853410
199383.204721 0.034578 0.204175 -9.854308
199383.214738 0.023801 0.204924 -9.844578
199383.224747 0.005688 0.186812 -9.856553
199383.234773 0.008682 0.202229 -9.848620
199383.244789 0.015418 0.210313 -9.826017
199383.254790 0.019909 0.197589 -9.852961
199383.264821 0.012424 0.220641 -9.829759
199383.274837 0.031734 0.187111 -9.831256
199383.284845 0.012724 0.212558 -9.845327
199383.294872 0.013921 0.222587 -9.854607
199383.304889 0.012424 0.198637 -9.827364
199383.314898 0.010029 0.202529 -9.833501
199383.324921 0.017813 0.206271 -9.851464
199383.334940 0.019010 0.216899 -9.829010
199383.344948 0.012125 0.210313 -9.828711
199383.354974 0.028740 0.224982 -9.840087
199383.364991 0.019609 0.191152 -9.855805
199383.374999 0.027094 0.207768 -9.837393
199383.385026 0.026495 0.207618 -9.848171
199383.395044 0.029638 0.204475 -9.826166
199383.405056 0.020058 0.193697 -9.835447
199383.415063 0.022753 0.213755 -9.839638
199383.425081 0.019909 0.201780 -9.843830
199383.435091 0.033381 0.210911 -9.852063
199383.445116 0.039967 0.213007 -9.851913
199383.455123 0.013622 0.210013 -9.830657
199383.465160 0.032482 0.206421 -9.837094
199383.475166 0.015867 0.206121 -9.840387
199383.485190 0.015867 0.225581 -9.842632
199383.495217 0.019010 0.209265 -9.842932
199383.505236 0.019010 0.208666 -9.848470
199383.515244 0.043110 0.202679 -9.834250
199383.525247 0.032033 0.199685 -9.835896
199383.535288 0.035626 0.220791 -9.850566
199383.545304 0.026645 0.204475 -9.832603
199383.555311 0.022603 0.210013 -9.849368
199383.565339 0.011825 0.209415 -9.836495
199383.575357 0.024699 0.202679 -9.844578
199383.585357 0.010927 0.206121 -9.827663
199383.595391 0.024399 0.209115 -9.827364
199383.605407 0.017364 0.206570 -9.843530
199383.615413 0.029189 0.207319 -9.850865
199383.625441 0.008682 0.212558 -9.844129
199383.635457 0.021705 0.213905 -9.835746
199383.645463 0.029189 0.202679 -9.836944
199383.655490 0.028740 0.207319 -9.838591
199383.665507 0.020956 0.209864 -9.855805
199383.675522 0.013472 0.197290 -9.843381
199383.685542 0.013023 0.203577 -9.832753
199383.695558 0.029938 0.200733 -9.832304
199383.705577 0.025297 0.213007 -9.831855
199383.715595 0.027543 0.190404 -9.850715
199383.725611 0.031285 0.209415 -9.833351
199383.735615 0.010778 0.211360 -9.833651
199383.745644 0.012873 0.203577 -9.849218
199383.755662 0.027992 0.207469 -9.844578
199383.765683 0.030686 0.230670 -9.839938
199383.775699 0.032632 0.209415 -9.841584
199383.785715 0.005389 0.185464 -9.838441
199383.795711 0.025896 0.192649 -9.851164
199383.805748 0.032183 0.208367 -9.846075
199383.815766 0.034129 0.214504 -9.842932
199383.825760 0.004790 0.203277 -9.835896
199383.835800 0.017813 0.202529 -9.843530
199383.845819 0.010029 0.203577 -9.843830
199383.855813 0.017963 0.210013 -9.853709
199383.865837 0.038620 0.195344 -9.853410
199383.875854 0.018262 0.196392 -9.829160
199383.885868 0.018262 0.194895 -9.845327
199383.895887 0.010179 0.192649 -9.837243
199383.905918 0.023801 0.225282 -9.848470
199383.915938 0.015418 0.212259 -9.832004
199383.925930 0.032183 0.198637 -9.853859
199383.935969 0.015119 0.211360 -9.857002
199383.945969 0.012424 0.197589 -9.842033
199383.955979 0.003892 0.208367 -9.844129
199383.966012 0.017813 0.201182 -9.833801
199383.976026 0.020657 0.212558 -9.859846
199383.986031 0.011526 0.215103 -9.829460
199383.996068 0.009879 0.199834 -9.836345
199384.006082 0.029638 0.208367 -9.848470
199384.016101 0.021405 0.204924 -9.844279
199384.026117 0.002694 0.212558 -9.858200
199384.036118 0.028740 0.208516 -9.839938
199384.046149 0.023351 0.204624 -9.852661
199384.056164 0.033680 0.192051 -9.835148
199384.066178 0.010329 0.209864 -9.837842
199384.076197 0.016915 0.195493 -9.843530
199384.086213 0.043260 0.189057 -9.848171
199384.096224 0.014969 0.202229 -9.851763
199384.106244 0.009730 0.197589 -9.845626
199384.116260 0.026794 0.212558 -9.843381
199384.126267 0.012125 0.197439 -9.855954
199384.136292 0.005089 0.194745 -9.841584
199384.146309 -0.000599 0.210163 -9.842632
199384.156297 0.016615 0.227976 -9.845476
199384.166340 0.010628 0.210313 -9.842932
199384.176356 0.020657 0.208965 -9.855954
199384.186356 0.021705 0.219743 -9.848171
199384.196387 0.007484 0.205822 -9.835297
199384.206403 0.025597 0.203277 -9.834100
199384.216416 0.027692 0.220042 -9.854308
199384.226434 0.029938 0.219444 -9.841435
199384.236450 0.027692 0.205972 -9.852661
199384.246447 0.008083 0.209864 -9.821825
199384.256482 0.021405 0.210013 -9.835896
199384.266498 0.018861 0.208516 -9.834998
199384.276505 0.018112 0.207020 -9.836196
199384.286528 0.018861 0.186213 -9.840536
199384.296542 0.018561 0.205523 -9.855655
199384.306535 0.011227 0.204624 -9.851464
199384.316544 0.007035 0.223785 -9.854607
199384.326574 0.022004 0.207768 -9.841884
199384.336581 0.019160 0.221390 -9.841734
199384.346605 0.026046 0.204026 -9.847722
199384.356639 0.033680 0.215701 -9.853709
199384.366651 0.014669 0.207768 -9.823771
199384.376651 0.017214 0.211211 -9.839489
199384.386672 0.025148 0.207020 -9.852362
199384.396689 0.016615 0.199834 -9.849368
199384.406704 0.026345 0.207020 -9.834848
199384.416722 0.019759 0.200134 -9.847422
199384.426737 0.029040 0.216001 -9.864487
199384.436727 0.018861 0.216151 -9.867031
199384.446762 0.036225 0.205223 -9.860445
199384.456786 0.029489 0.215402 -9.821376
199384.466803 0.027094 0.210462 -9.835297
199384.476804 0.019160 0.215851 -9.847123
199384.486838 0.082778 0.238304 -9.825268
199384.496853 0.133223 0.284109 -9.871073
199384.506862 0.340542 0.440085 -9.840536
199384.516888 1.074466 0.434397 -9.840087
199384.526905 1.335822 0.454754 -9.859697
199384.536913 1.402583 0.442779 -9.847572
199384.546938 1.414109 0.371677 -9.880054
199384.556951 -0.277224 0.136666 -9.919123
199384.566957 -2.131118 -0.029938 -9.989776
199384.576983 -2.249223 0.110021 -10.172696
199384.587001 -0.158221 0.051194 -10.428813
199384.597009 0.934806 0.005239 -10.207424
199384.607032 0.059426 0.056582 -9.562115
199384.617051 -0.928070 0.326172 -9.341474
199384.627045 -0.297581 0.288750 -10.222542
199384.637084 0.445025 0.467178 -12.298575
199384.647097 -0.195044 -0.191602 -14.215189
199384.657097 -1.473236 -1.340313 -14.174923
199384.667127 -2.050436 -1.164429 -12.954511
199384.677114 -3.010540 -0.810564 -11.138637
199384.687141 -2.583627 0.099543 -10.369836
199384.697159 -1.246907 0.789009 -10.905572
199384.707173 -0.578697 0.686622 -11.085647
199384.717185 -0.731080 0.585582 -9.567205
199384.727221 -1.007106 0.916095 -7.774832
199384.737233 1.121618 2.679129 -6.692732
199384.747253 -0.967738 4.284540 -10.438543
199384.757259 -0.682132 2.762954 -2.128424
199384.767264 -0.409099 2.068548 -10.082583
199384.777285 -0.459694 1.476679 -11.711196
199384.787313 -2.752177 1.371598 -10.364597
199384.797321 -2.816842 0.638123 -10.114018
199384.807330 -2.621948 -0.486638 -11.021730
199384.817362 -2.346520 -0.780028 -11.000774
199384.827379 -2.237996 0.197290 -11.280841
199384.837382 -2.256557 1.141376 -11.189082
199384.847409 -2.262545 0.946482 -10.661879
199384.857425 -2.374512 0.514630 -10.330917
199384.867431 -2.532134 0.315993 -9.735754
199384.877456 -2.815345 0.300126 -9.667496
199384.887471 -2.919828 -0.021555 -9.291329
199384.897476 -4.723128 0.252675 -9.964479
199384.907497 -4.727619 -0.328118 -8.841364
199384.917517 -4.810247 -1.323548 -7.589667
199384.927530 -3.392845 -1.622177 -8.295599
199384.937547 -2.604584 -1.341959 -8.291408
199384.947564 -1.656306 -1.503623 -6.920559
199384.957552 -1.318907 -1.651665 -6.773714
199384.967590 -1.396446 -1.450334 -7.203171
199384.977600 -1.130150 -1.817820 -6.985224
199384.987616 -0.143851 -2.588567 -7.234156
199384.997645 0.269290 -2.347269 -7.950267
199385.007659 0.333506 -1.639241 -8.235873
199385.017652 -0.036674 -1.643283 -8.616532
199385.027690 -0.541274 -2.746040 -8.603808
199385.037705 -1.120420 -3.127147 -9.586964
199385.047699 -0.163161 -2.693499 -9.815389
199385.057737 0.978365 -2.754871 -9.872420
199385.067752 1.224454 -2.805616 -9.387728
199385.077745 1.404529 -2.613864 -9.201066
199385.087785 1.498683 -2.870880 -9.543105
199385.097802 1.411116 -3.290008 -10.367740
199385.107795 1.551973 -3.205883 -11.114537
199385.117819 2.242038 -2.666405 -10.903476
199385.127832 2.739453 -2.475253 -10.729089
199385.137860 2.952311 -2.236799 -9.838441
199385.147867 3.036735 -2.229763 -9.442963
199385.157890 3.438649 -1.986968 -9.434431
199385.167898 3.341202 -1.747616 -8.871452
199385.177918 3.794759 -1.998344 -8.494685
199385.187917 4.037404 -2.426005 -8.646919
199385.197958 4.735403 -2.613565 -8.852292
199385.207959 5.416486 -2.468068 -8.888217
199385.217974 5.919740 -1.626368 -8.954529
199385.227987 5.831573 -0.544268 -8.877439
199385.237997 5.999075 -0.408800 -8.452772
199385.248041 6.215824 -0.778232 -7.994725
199385.258047 6.152655 -0.667013 -6.966812
199385.268074 5.986651 -0.024250 -7.312444
199385.278089 6.072123 0.362546 -7.062464
199385.288076 6.996600 -0.593965 -6.974746
199385.298124 7.506141 -0.277224 -7.016060
199385.308139 7.448660 0.249681 -7.001690
199385.318156 6.914870 0.571661 -7.539521
199385.328172 5.700446 1.057701 -7.396120
199385.338188 5.073549 0.661175 -6.246361
199385.348196 6.051017 0.269589 -6.045329
199385.358221 6.516399 1.006657 -6.143524
199385.368237 6.812932 1.670526 -6.708150
199385.378239 7.166048 1.564397 -7.863448
199385.388249 7.342681 0.734223 -8.600365
199385.398284 7.349417 0.386197 -7.780371
199385.408299 7.403305 0.646655 -6.883586
199385.418315 6.905889 0.753982 -6.538104
199385.428329 6.738837 0.890349 -6.162385
199385.438340 6.532266 1.261127 -5.826334
199385.448358 6.389014 1.095123 -5.752388
199385.458372 6.694828 0.827779 -5.178781
199385.468371 7.620952 0.577200 -5.107229
199385.478387 7.670200 0.046254 -5.514532
199385.488411 7.097191 0.388592 -5.353318
199385.498414 6.178701 0.670456 -5.260511
199385.508431 4.726122 -0.064366 -4.610562
199385.518466 4.114344 -0.379012 -3.527714
199385.528464 4.252207 -0.210462 -3.025508
199385.538487 5.224735 0.494871 -3.274441
199385.548495 6.730454 1.216071 -4.150120
199385.558537 7.932155 2.354454 -5.319488
199385.568547 8.777896 2.990631 -6.658154
199385.578550 8.527168 2.368674 -6.850953
199385.588586 7.378456 1.217718 -6.304140
199385.598599 5.751340 0.549956 -5.977669
199385.608614 5.160668 -0.186662 -5.795049
199385.618630 3.949238 -0.337398 -5.632038
199385.628646 1.305136 0.637824 -6.461014
199385.638661 5.166955 2.637515 -10.284962
199385.648676 9.981843 3.168162 -12.285702
199385.658689 10.385403 1.529819 -12.786411
199385.668704 8.734786 -0.128583 -11.934981
199385.678718 6.052963 -0.699346 -10.741663
199385.688732 3.813320 -1.012045 -10.472073
199385.698748 2.312541 -1.266666 -10.720407
199385.708762 0.755180 -1.176853 -11.020682
199385.718763 0.091011 -0.737367 -11.969110
199385.728792 0.485590 -1.602268 -12.438384
199385.738805 0.025447 -2.618355 -12.672946
199385.748813 -0.964295 -2.777325 -12.216096
199385.758839 -1.776805 -2.112407 -11.545491
199385.768855 -2.014211 -1.876049 -10.642569
199385.778863 -1.666185 -2.184557 -9.703272
199385.788888 -1.792522 -1.826801 -9.268726
199385.798904 -1.486708 -1.117426 -8.973539
199385.808911 -1.317111 -1.313968 -9.061706
199385.818936 -1.183439 -2.151925 -8.621172
199385.828951 -1.241369 -2.969375 -8.559351
199385.838959 -1.318159 -3.141517 -8.627309
199385.848984 -2.013014 -3.146457 -8.822803
199385.858999 -2.559527 -3.135829 -8.720865
199385.868992 -2.837499 -3.397036 -8.602910
199385.879030 -2.354005 -3.263663 -8.449330
199385.889046 -1.957629 -2.905907 -8.069420
199385.899047 -1.661545 -3.177293 -7.369625
199385.909078 -2.025887 -3.892356 -7.069499
199385.919083 -2.579885 -4.792883 -7.061565
199385.929085 -2.761458 -5.024302 -7.626191
199385.939108 -2.577640 -4.578978 -7.233109
199385.949123 -2.687511 -4.541705 -6.818022
199385.959135 -2.628384 -4.651278 -6.523135
199385.969150 -2.563419 -4.906647 -5.779931
199385.979179 -2.916086 -5.064269 -5.619315
199385.989201 -3.455564 -5.024452 -5.717061
199385.999206 -3.660488 -5.143604 -6.107899
199386.009220 -3.712131 -5.627398 -6.486162
199386.019230 -3.541935 -5.947133 -6.800209
199386.029269 -3.276836 -5.793552 -6.722820
199386.039286 -3.145559 -5.830974 -6.789132
199386.049293 -3.131039 -5.878575 -6.828949
199386.059320 -3.445834 -6.030509 -6.789581
199386.069335 -3.818709 -6.096223 -7.102730
199386.079340 -3.729045 -6.252198 -7.023245
199386.089366 -3.592380 -6.380931 -6.608009
199386.099383 -3.006049 -6.088439 -6.374195
199386.109390 -2.789898 -6.149213 -5.838609
199386.119417 -2.459984 -5.855074 -5.952372
199386.129434 -2.204915 -5.551057 -5.803282
199386.139442 -1.547033 -5.761968 -5.758375
199386.149469 -1.041235 -5.588628 -5.801186
199386.159487 -1.261277 -5.100194 -6.409372
199386.169494 -1.458118 -4.436025 -7.336244
199386.179522 -1.489253 -4.287983 -8.173753
199386.189539 -0.642614 -4.194128 -8.382119
199386.199549 0.243394 -3.866759 -7.929610
199386.209574 1.168470 -4.155509 -6.426137
199386.219589 1.162782 -5.075495 -8.593180
199386.229594 1.720223 -2.658621 -8.721763
199386.239623 0.902773 -1.672173 -9.751172
199386.249639 0.115560 -2.215692 -10.250833
199386.259648 0.233365 -2.760410 -10.761272
199386.269674 1.010249 -2.456242 -11.497890
199386.279691 1.849254 -2.267784 -12.038416
199386.289688 2.940785 -2.246079 -11.828103
199386.299717 3.818410 -2.170786 -10.944191
199386.309744 4.056714 -1.666335 -10.113269
199386.319737 4.571344 -0.942740 -9.164991
199386.329759 4.788991 -0.903671 -8.541388
199386.339777 4.321962 -1.195115 -8.716524
199386.349792 3.790118 -1.431623 -9.371113
199386.359828 3.507955 -1.309327 -10.052945
199386.369840 4.390370 -1.251248 -11.157947
199386.379862 5.523514 -0.741109 -10.715916
199386.389860 6.415359 -0.073647 -10.219997
199386.399887 6.834188 0.472867 -9.347013
199386.409916 6.919062 1.214724 -9.601334
199386.419926 8.628507 1.479374 -8.954978
199386.429950 8.703052 0.763712 -8.698861
199386.439946 7.825277 -0.337249 -8.284223
199386.449979 6.069578 -1.318907 -7.152726
199386.460003 5.687423 -0.806822 -4.959636
199386.470005 6.235583 0.926723 -4.420458
199386.480038 7.167096 1.850602 -4.152215
199386.490056 8.318202 1.559607 -3.993396
199386.500065 8.979826 1.276845 -3.867358
199386.510088 9.379645 1.528172 -3.707939
199386.520104 9.378896 2.170337 -3.888314
199386.530094 9.127868 2.152524 -4.187243
199386.540138 8.428523 1.640439 -4.464466
199386.550156 8.074060 1.671574 -4.289330
199386.560154 8.376132 2.197281 -3.639082
199386.570191 8.347691 2.500700 -2.561174
199386.580209 8.850046 2.575993 -2.323468
199386.590214 9.321416 2.978656 -2.037563
199386.600256 9.352102 3.105143 -1.560804
199386.610272 9.430539 2.892884 -1.489403
199386.620287 9.807455 2.399061 -1.313069
199386.630306 9.862541 1.963617 -1.321452
199386.640323 9.744137 1.932781 -1.420696
199386.650316 9.633517 2.127825 -1.052910
199386.660358 9.162447 2.239643 -0.582888
199386.670377 9.057664 2.391876 -0.353116
199386.680376 9.448951 2.394870 0.216899
199386.690409 9.810000 2.350113 0.577649
199386.700423 10.052047 2.362836 0.755778
199386.710436 10.326426 2.321822 0.871039
199386.720456 10.471025 2.603237 1.199007
199386.730471 10.255174 2.720892 1.688189
199386.740465 9.796378 2.562372 2.082020
199386.750502 9.220526 2.297872 2.548600
199386.760519 8.892708 2.344125 2.630181
199386.770525 8.729247 2.535877 2.394570
199386.780535 8.629555 2.518812 2.373764
199386.790551 8.676407 2.261348 2.640060
199386.800558 8.896450 2.010170 2.919080
199386.810595 8.843310 2.102228 3.565286
199386.820611 8.389005 2.204915 3.918551
199386.830628 7.989635 1.901196 4.580774
199386.840632 7.685917 1.840722 5.191804
199386.850660 7.703880 2.567760 5.156627
199386.860667 8.006401 3.064278 5.090165
199386.870700 7.940837 3.146307 5.391488
199386.880689 7.800728 2.963986 5.749394
199386.890709 7.722740 2.430795 5.896987
199386.900749 7.213050 2.098935 6.142626
199386.910764 6.808591 2.284849 5.998925
199386.920763 6.603069 2.634222 6.111641
199386.930774 6.549630 2.932402 6.220165
199386.940813 6.446644 2.801275 6.113587
199386.950823 6.287525 2.327809 6.075566
199386.960847 6.082451 2.219435 6.372997
199386.970864 6.011200 2.617607 6.451284
199386.980877 7.090006 2.438878 5.552853
199386.990899 7.111262 2.151326 5.303172
199387.000915 7.054829 2.060765 5.595065
199387.010912 7.801926 2.154619 5.309309
199387.020946 8.156239 2.174528 5.813910
199387.030962 8.134834 2.319277 5.788463
199387.040972 8.087981 2.157763 5.534591
199387.050995 8.092621 1.877396 5.405110
199387.061013 8.338410 2.124532 5.149891
199387.071001 8.252040 2.464026 4.785548
199387.081046 8.233478 2.618056 4.614604
199387.091062 8.474028 2.478246 4.403094
199387.101061 8.518635 1.986369 3.823798
199387.111097 8.770262 1.659599 3.823499
199387.121116 9.161698 1.648223 3.673361
199387.131133 9.690548 1.839525 3.183580
199387.141149 9.665401 2.200424 3.269202
199387.151165 9.732312 2.242786 3.087929
199387.161180 9.815688 1.806144 2.264940
199387.171199 9.596245 1.102008 0.977018
199387.181213 9.223819 0.618514 0.046404
199387.191213 8.830587 0.250429 -0.387394
199387.201229 8.904683 0.065713 -0.544717
199387.211246 9.201964 0.060175 -1.076262
199387.221263 9.099577 -0.069156 -1.920806
199387.231279 8.856782 0.200433 -2.079027
199387.241307 8.693622 0.533790 -2.331701
199387.251329 8.961415 -0.347577 -2.588417
199387.261327 8.833281 -0.568368 -2.778971
199387.271349 9.029822 -0.304766 -3.517086
199387.281359 9.186996 -0.363295 -4.105662
199387.291385 9.201366 -0.350571 -4.517905
199387.301414 9.095985 -0.326621 -4.895869
199387.311419 9.282497 -0.315544 -5.361850
199387.321447 9.563163 -0.518073 -5.954767
199387.331465 9.539662 -0.818498 -5.948929
199387.341480 9.322763 -0.898881 -6.278993
199387.351497 8.649912 -0.411345 -6.389912
199387.361508 8.146060 0.104034 -6.951844
199387.371508 7.423363 -0.342787 -7.117699
199387.381547 6.793024 -0.863704 -6.765032
199387.391563 6.712641 -1.140927 -6.756350
199387.401579 7.253317 -1.190325 -6.777905
199387.411596 7.786957 -1.184038 -6.748267
199387.421614 7.465426 -1.064736 -6.862479
199387.431631 6.640940 -0.852028 -7.404353
199387.441649 5.632936 -1.141975 -7.923623
199387.451666 5.491331 -1.440455 -7.953860
199387.461681 5.776188 -1.050665 -7.715256
199387.471696 4.970264 -0.872685 -7.450008
199387.481712 4.410578 -0.907263 -7.915090
199387.491730 4.281397 -0.888253 -8.198451
199387.501744 4.236790 -1.091530 -8.603210
199387.511760 3.846551 -0.883163 -9.334888
199387.521758 3.567980 -0.837658 -10.117311
199387.531765 3.169509 -0.844993 -10.180480
199387.541809 3.228037 -0.601749 -9.937235
199387.551824 3.169210 -0.453407 -9.965527
199387.561840 2.649341 -0.556393 -9.955348
199387.571856 1.687591 -0.765358 -9.912986
199387.581871 1.114283 -0.900378 -9.711804
199387.591887 0.787063 -0.879122 -9.605376
199387.601904 1.295556 -0.698747 -9.953102
199387.611919 1.567989 -1.006507 -10.238110
199387.621935 1.964664 -1.324745 -10.207873
199387.631953 2.062411 -1.781895 -10.094708
199387.641970 1.678310 -2.201322 -9.845776
199387.651970 1.620231 -2.249522 -9.325458
199387.661986 2.121538 -1.954037 -8.951835
199387.672003 2.494563 -1.391357 -9.031469
199387.682018 2.052831 -1.156046 -8.672964
199387.692048 1.460812 -1.206042 -8.571775
199387.702061 1.184038 -1.222957 -9.582922
199387.712060 1.101260 -1.245111 -10.851534
199387.722079 0.857716 -1.156645 -11.871064
199387.732103 0.287253 -1.061443 -12.161909
199387.742113 -0.296234 -1.151705 -11.884237
199387.752152 -1.138083 -1.098865 -11.356734
199387.762163 -1.911824 -0.695454 -9.949360
199387.772176 -2.741848 -0.466879 -8.860974
199387.782202 -3.380121 -0.438738 -8.220306
199387.792215 -3.743865 -0.621957 -7.978409
199387.802226 -4.131558 -0.917592 -8.085885
199387.812253 -4.837640 -1.004411 -8.329579
199387.822253 -5.181176 -1.123264 -8.614736
199387.832277 -5.274581 -1.122965 -8.796009
199387.842302 -5.590125 -0.950523 -8.166717
199387.852317 -5.730084 -0.501757 -7.363488
199387.862324 -5.782625 -0.014520 -6.813531
199387.872348 -5.898334 0.241897 -6.550378
199387.882366 -5.805378 0.133073 -6.425837
199387.892373 -5.828729 -0.328567 -6.211184
199387.902400 -5.921985 -0.681682 -6.037245
199387.912416 -5.830076 -0.820594 -6.375542
199387.922417 -6.089936 -0.845143 -6.976842
199387.932449 -6.373596 -0.898731 -7.459139
199387.942465 -6.560408 -0.615670 -7.604486
199387.952474 -6.717431 0.191751 -7.751930
199387.962498 -7.151828 0.721799 -7.308851
199387.972514 -7.568112 0.773741 -6.828650
199387.982523 -7.813751 0.773741 -6.506520
199387.992549 -7.785610 0.568518 -6.428382
199388.002565 -7.532486 0.374521 -6.516399
199388.012572 -7.433093 0.384101 -6.781498
199388.022597 -7.571405 0.240250 -7.028035
199388.032612 -7.777676 0.003892 -6.991661
199388.042617 -8.051756 0.006287 -6.780001
199388.052642 -8.358019 -0.055385 -6.308182
199388.062658 -8.800350 -0.159119 -5.709128
199388.072649 -9.135353 -0.311951 -5.239704
199388.082692 -9.167686 -0.526605 -4.771328
199388.092710 -9.085507 -0.821941 -4.313730
199388.102710 -8.958870 -0.959804 -4.025728
199388.112741 -8.866811 -0.691113 -3.689677
199388.122753 -8.738678 -0.148192 -3.463198
199388.132757 -8.643625 0.187710 -3.281177
199388.142778 -8.548423 0.394879 -3.090773
199388.152793 -8.628956 0.643512 -2.915936
199388.162808 -8.713231 1.077908 -1.883234
199388.172834 -7.091204 2.109413 4.693490
199388.182851 -8.230036 0.741558 0.611478
199388.192875 -9.655372 1.012944 -3.927383
199388.202871 -9.759555 1.007255 -4.294270
199388.212898 -9.396410 0.776735 -3.108885
199388.222918 -9.190887 0.805026 -2.930456
199388.232943 -9.490265 0.737067 -3.218307
199388.242958 -9.740694 0.353116 -3.341202
199388.252963 -9.867930 0.160766 -3.495232
199388.262991 -9.936337 0.219743 -3.778592
199388.273007 -9.911639 0.268542 -3.368445
199388.283017 -9.801767 0.347577 -2.625540
199388.293040 -9.840536 0.439935 -2.354454
199388.303058 -9.961635 0.644410 -2.238595
199388.313052 -9.825717 0.807870 -2.001488
199388.323089 -9.669592 1.049318 -1.706451
199388.333106 -9.425599 1.329685 -1.614243
199388.343100 -9.103170 1.408721 -1.535208
199388.353138 -9.184002 0.914897 -1.207689
199388.363155 -9.535920 0.925675 -1.590443
199388.373149 -9.636810 1.448238 -1.769770
199388.383188 -9.485026 1.818868 -2.304009
199388.393205 -9.187594 1.886677 -2.258204
199388.403222 -8.787027 1.937870 -1.956132
199388.413236 -8.567733 2.129771 -1.874252
199388.423252 -8.313412 2.352508 -1.745520
199388.433244 -8.368498 2.446662 -1.382076
199388.443282 -8.664732 2.696942 -0.997526
199388.453298 -9.095236 3.236270 -0.866548
199388.463304 -9.705966 3.852239 -1.359623
199388.473329 -9.983489 4.408183 -1.628913
199388.483344 -9.673783 4.633315 -1.636996
199388.493333 -9.137598 4.757257 -2.298021
199388.503378 -8.931028 4.439618 -2.353556
199388.513396 -8.757988 3.996090 -2.519860
199388.523394 -8.821007 3.937262 -2.508184
199388.533429 -8.780740 4.264183 -2.370770
199388.543446 -8.369545 4.460574 -2.671345
199388.553453 -8.071665 4.456682 -2.594555
199388.563477 -8.367899 4.051325 -2.647095
199388.573479 -9.078172 3.510949 -2.755320
199388.583483 -9.676927 3.544479 -2.750979
199388.593511 -9.837842 4.062402 -2.625690
199388.603532 -9.356443 4.999603 -2.630929
199388.613543 -8.394543 5.695506 -2.301165
199388.623552 -7.685019 5.903573 -2.169888
199388.633568 -7.154522 5.830825 -2.251169
199388.643602 -6.932983 5.570666 -1.969904
199388.653610 -6.887178 5.410050 -2.225273
199388.663622 -6.761739 5.226980 -2.951712
199388.673632 -6.729556 5.041965 -3.087330
199388.683671 -6.841673 5.174739 -3.540138
199388.693682 -7.024892 4.933890 -3.844904
199388.703680 -7.018455 5.043163 -4.078718
199388.713721 -6.658005 5.680388 -3.916605
199388.723738 -6.173163 5.951174 -3.753295
199388.733751 -6.088140 6.488407 -3.877986
199388.743769 -5.850434 6.710396 -4.023184
199388.753787 -6.114335 6.789880 -3.534749
199388.763781 -6.568042 7.091653 -3.432961
199388.773819 -6.694529 7.357799 -3.599265
199388.783836 -6.884484 7.371571 -3.403772
199388.793840 -7.083270 7.583530 -3.626808
199388.803866 -6.954688 8.341254 -3.931275
199388.813883 -6.401738 8.429421 -4.717739
199388.823870 -5.085824 7.771689 -5.197492
199388.833914 -4.410129 7.171437 -4.931645
199388.843932 -4.130211 6.541696 -5.142556
199388.853929 -4.272715 6.148015 -5.101242
199388.863965 -4.204157 6.353987 -4.946164
199388.873981 -4.274361 6.775361 -4.737798
199388.883989 -4.487967 6.791228 -4.077820
199388.894012 -4.680766 7.052285 -4.010011
199388.904029 -4.852759 7.521259 -4.226311
199388.914019 -4.784501 7.503447 -4.398304
199388.924061 -4.662355 7.535330 -4.385580
199388.934079 -4.240532 7.666308 -4.493805
199388.944078 -3.813170 7.634574 -4.565057
199388.954110 -3.837270 7.438482 -4.711452
199388.964127 -4.003575 7.250772 -4.918921
199388.974138 -4.104165 7.225924 -4.851262
199388.984148 -4.167484 7.572902 -4.783303
199388.994177 -4.162993 7.824080 -4.911437
199389.004190 -4.067492 7.964488 -4.975354
199389.014208 -4.063899 8.077203 -5.176535
199389.024209 -3.988755 7.754025 -5.480853
199389.034227 -3.913312 7.130871 -5.469626
199389.044242 -3.943250 6.802754 -5.388046
199389.054256 -3.745960 6.839727 -5.233118
199389.064291 -3.627107 7.007079 -5.058880
199389.074283 -3.510799 7.234156 -5.220244
199389.084320 -3.337609 7.247628 -5.206772
199389.094328 -3.332071 7.103778 -5.263055
199389.104326 -3.183430 6.875203 -5.438640
199389.114367 -3.114873 6.810837 -5.374124
199389.124373 -3.333418 6.555618 -5.837860
199389.134387 -3.333268 6.249205 -6.059100
199389.144396 -3.529061 5.683830 -6.505172
199389.154406 -3.689079 5.463638 -6.860384
199389.164446 -3.856580 5.192402 -7.273076
199389.174466 -4.034111 4.920119 -7.746541
199389.184470 -3.755840 4.678970 -8.055349
199389.194499 -3.703748 4.451593 -8.198302
199389.204515 -3.758534 4.369713 -8.155341
199389.214525 -4.023333 4.337081 -8.252489
199389.224547 -4.181854 4.035907 -8.286618
199389.234562 -4.185746 3.752996 -8.506361
199389.244558 -3.856281 3.213218 -8.789123
199389.254595 -3.527265 2.628384 -8.889863
199389.264612 -3.317850 2.162703 -8.980275
199389.274604 -3.298092 1.847458 -8.882978
199389.284645 -3.329526 1.731150 -8.884774
199389.294662 -3.539090 1.563648 -9.067843
199389.304674 -3.437003 1.184038 -9.185349
199389.314692 -3.431614 0.713267 -9.120234
199389.324707 -3.663482 0.050295 -9.135203
199389.334704 -3.738925 -0.403112 -9.223819
199389.344738 -3.582350 -0.342188 -9.388327
199389.354754 -2.845433 -1.106050 -8.743019
199389.364763 -1.969604 -2.115102 -8.856633
199389.374783 -2.647095 -1.755699 -9.600585
199389.384798 -3.559598 -0.674946 -9.648336
199389.394793 -3.636837 -0.423020 -9.082363
199389.404829 -3.291805 -1.128952 -9.122779
199389.414845 -2.921624 -1.586700 -9.067843
199389.424851 -1.572330 -0.117805 -9.161998
199389.434876 -0.836610 0.812660 -9.383687
199389.444868 -1.562301 -0.393831 -8.984616
199389.454883 -3.327281 -1.923500 -8.660690
199389.464923 -4.499793 -2.954257 -8.409961
199389.474938 -4.833149 -3.507057 -8.177794
199389.484952 -5.090315 -3.460953 -8.106692
199389.494954 -5.245991 -3.234174 -7.937394
199389.504968 -4.867728 -2.903362 -8.192913
199389.514971 -3.832331 -2.752776 -8.941207
199389.525014 -2.515369 -2.822980 -9.929751
199389.535031 -1.444197 -3.627856 -9.526340
199389.545034 -1.379082 -3.556155 -9.423653
199389.555039 -1.689088 -3.178191 -9.416019
199389.565050 -2.212100 -3.466192 -9.155411
199389.575090 -2.600243 -3.950585 -8.948541
199389.585100 -2.496508 -4.182153 -8.682545
199389.595110 -2.369123 -4.637506 -8.829090
199389.605140 -2.431244 -4.668642 -9.969119
199389.615146 -2.140549 -4.975803 -9.754465
199389.625174 -1.983376 -5.100344 -9.572145
199389.635179 -1.901346 -5.165458 -9.161848
199389.645206 -2.018552 -5.282365 -8.393047
199389.655223 -1.644331 -5.442981 -8.173154
199389.665229 -0.620160 -5.242548 -8.530161
199389.675255 -1.731000 -5.038971 -8.184231
199389.685273 -1.798959 -5.487738 -8.363558
199389.695269 -2.102677 -6.049520 -7.950417
199389.705304 -2.180665 -6.091133 -8.034243
199389.715315 -1.842968 -6.498586 -8.018226
199389.725338 -1.829945 -6.626869 -7.933203
199389.735355 -1.679058 -6.362220 -7.662266
199389.745374 -1.246608 -6.161188 -7.259753
199389.755390 -1.022973 -5.842950 -7.139703
199389.765403 -0.886008 -5.946235 -7.325018
199389.775425 -0.835562 -5.905220 -7.466473
199389.785441 -0.470621 -5.828729 -7.456744
199389.795457 -0.629142 -6.001769 -7.121291
199389.805474 -0.717159 -6.261779 -6.581065
199389.815490 -0.465981 -6.924900 -6.745573
199389.825506 -0.319286 -7.530690 -7.403454
199389.835524 -0.072000 -7.512578 -6.602620
199389.845522 0.022154 -7.451804 -6.079308
199389.855548 0.090562 -7.855664 -5.793702
199389.865574 -0.379012 -8.383766 -5.759723
199389.875590 -0.727637 -8.540191 -6.407725
199389.885596 -0.147443 -8.452623 -6.525231
199389.895620 -0.035476 -7.958800 -6.222859
199389.905638 -0.308059 -7.823780 -5.757178
199389.915643 -0.467927 -7.857311 -5.378166
199389.925669 -0.585133 -8.016280 -5.312752
199389.935669 -0.505648 -8.311317 -5.496720
199389.945678 -0.551004 -8.414153 -5.568869
199389.955702 -0.580493 -8.458760 -5.281168
199389.965718 -0.711021 -7.975415 -4.273463
199389.975734 -0.565374 -7.930957 -3.904630
199389.985752 -0.512834 -8.466843 -4.007766
199389.995775 -0.300575 -8.455616 -4.375551
199390.005800 -0.167801 -8.407117 -4.670587
199390.015795 -0.135917 -8.409662 -4.821174
199390.025835 0.241298 -8.348888 -4.585115
199390.035828 0.370330 -8.424182 -4.199068
199390.045856 0.751288 -8.518635 -4.120631
199390.055890 0.850531 -8.655152 -4.071533
199390.065896 0.636027 -8.829838 -4.110901
199390.075922 0.621358 -8.663085 -4.282445
199390.085906 0.694556 -8.737181 -4.333938
199390.095945 0.849334 -8.636740 -3.848198
199390.105972 1.005908 -8.569380 -3.489693
199390.115988 0.969234 -8.635542 -3.627257
199390.125994 0.925974 -8.465646 -3.695365
199390.136020 1.045576 -8.660989 -3.794310
199390.146013 1.164878 -8.809331 -3.764372
199390.156045 1.002016 -8.589588 -3.697760
199390.166071 1.009201 -8.734487 -3.690725
199390.176089 0.849184 -9.020392 -4.014352
199390.186097 0.640219 -9.419911 -4.463269
199390.196123 0.507894 -9.249565 -4.895121
199390.206140 0.652493 -9.099128 -4.754413
199390.216146 0.739163 -8.601563 -4.186794
199390.226173 0.935704 -8.460406 -3.837270
199390.236190 0.943488 -8.443192 -4.084855
199390.246198 0.918640 -8.141420 -4.410428
199390.256222 0.909359 -7.771539 -4.492608
199390.266239 0.738414 -7.781269 -4.621939
199390.276238 0.527353 -7.811207 -5.118306
199390.286269 0.169747 -7.686216 -5.345235
199390.296286 -0.343835 -7.683522 -5.329218
199390.306296 -0.633034 -7.995024 -5.492379
199390.316319 -0.897833 -8.092023 -5.964048
199390.326335 -1.047372 -7.988887 -6.420748
199390.336351 -1.073867 -7.975415 -6.548133
199390.346367 -0.972378 -7.648195 -6.261329
199390.356384 -0.866997 -7.174431 -6.074967
199390.366394 -1.045276 -7.000941 -5.923781
199390.376401 -1.231788 -6.962771 -5.707930
199390.386416 -1.292861 -6.951245 -6.119125
199390.396440 -1.460213 -6.860533 -6.826853
199390.406465 -1.585503 -6.594088 -7.310348
199390.416466 -1.703458 -6.355184 -7.601343
199390.426499 -1.832340 -6.012996 -7.305259
199390.436496 -1.922003 -5.654491 -6.994056
199390.446520 -2.003284 -5.371580 -7.034322
199390.456530 -2.170786 -5.210365 -7.015162
199390.466539 -2.159559 -5.240003 -7.167994
199390.476581 -2.207609 -5.183870 -7.497010
199390.486588 -2.382146 -5.011878 -7.445367
199390.496612 -2.365381 -4.833149 -7.254065
199390.506609 -2.590363 -4.512366 -7.163952
199390.516619 -2.587968 -4.581523 -7.148684
199390.526659 -2.418970 -4.748875 -7.500453
199390.536676 -2.367028 -4.631668 -7.644902
199390.546679 -2.277664 -4.389771 -7.680678
199390.556709 -2.309847 -4.431086 -8.189021
199390.566725 -2.261946 -4.537365 -8.666079
199390.576738 -1.908382 -4.433031 -8.867111
199390.586757 -1.497636 -4.168831 -9.054371
199390.596772 -1.444197 -4.073180 -9.290730
199390.606768 -1.591041 -4.452192 -9.430240
199390.616805 -2.197730 -4.700974 -9.028475
199390.626821 -2.189198 -4.543053 -8.423284
199390.636827 -1.549727 -4.308490 -7.484137
199390.646853 -1.114882 -3.797004 -7.222630
199390.656870 -0.425116 -3.544330 -7.344028
199390.666857 0.354313 -3.685187 -7.982151
199390.676901 0.867746 -3.747607 -9.425450
199390.686917 1.368604 -4.080964 -10.791958
199390.696917 1.549428 -4.061953 -10.884316
199390.706948 1.791325 -3.784580 -10.663824
199390.716963 2.183958 -3.361410 -10.483749
199390.726976 2.587370 -3.068469 -10.690768
199390.736994 2.549049 -2.924768 -10.073602
199390.747009 2.439477 -3.357967 -8.926238
199390.757006 2.041604 -3.758684 -8.379425
199390.767040 1.301094 -3.548970 -8.403076
199390.777056 1.104553 -3.373385 -8.533754
199390.787053 1.281785 -3.495381 -8.990604
199390.797084 1.422492 -3.550916 -8.984018
199390.807099 1.763483 -3.429818 -9.231303
199390.817095 2.212100 -3.110083 -9.474997
199390.827125 2.220183 -2.984943 -9.081166
199390.837130 2.656526 -2.610422 -8.539143
199390.847155 2.836601 -2.514022 -9.084608
199390.857162 2.936893 -2.459685 -9.320219
199390.867179 2.920876 -2.151027 -9.354946
199390.877208 2.806514 -1.743874 -9.207353
199390.887221 2.884502 -1.520089 -9.090297
199390.897225 3.159180 -1.648223 -8.737780
199390.907246 3.361560 -2.099235 -8.475974
199390.917254 3.650010 -2.593058 -9.467961
199390.927289 3.742966 -2.816992 -9.700727
199390.937304 3.921096 -2.464176 -9.308992
199390.947320 3.964206 -1.938020 -8.758586
199390.957335 3.845204 -1.630410 -8.427774
199390.967329 3.722010 -1.501528 -8.295150
199390.977367 3.716322 -1.418151 -8.379425
199390.987383 3.797453 -1.380429 -8.535700
199390.997393 3.985612 -1.586401 -8.806487
199391.007414 4.220473 -1.788481 -8.807834
199391.017428 4.599336 -1.839225 -8.672964
199391.027422 5.672155 -1.951043 -8.562045
199391.037458 6.193970 -2.314038 -8.437205
199391.047475 4.857249 -1.863176 -9.118288
199391.057479 5.005741 -2.054927 -8.392598
199391.067507 5.065167 -1.880090 -7.955806
199391.077524 5.373077 -1.898951 -8.541238
199391.087511 5.683830 -2.082170 -8.603808
199391.097555 5.913603 -2.100732 -8.318053
199391.107569 6.033952 -2.264341 -8.219857
199391.117571 5.899532 -2.377955 -7.993527
199391.127601 5.627398 -2.290537 -7.980654
199391.137616 5.510491 -2.374512 -7.650291
199391.147631 5.338948 -2.231559 -7.598649
199391.157648 5.329966 -2.035318 -7.577093
199391.167663 5.518424 -1.808839 -7.488178
199391.177660 5.656138 -1.668131 -7.115902
199391.187694 5.732330 -1.701661 -6.927145
199391.197710 5.741610 -1.783541 -6.983877
199391.207720 5.777536 -1.870061 -6.889423
199391.217742 5.825137 -1.748813 -7.030879
199391.227758 5.863756 -1.755849 -7.047046
199391.237749 5.976023 -1.717678 -6.830745
199391.247773 5.977220 -1.468746 -6.895112
199391.257799 6.064788 -0.947380 -7.685767
199391.267796 6.153703 -0.875380 -7.646699
199391.277817 6.222560 -0.945733 -7.421118
199391.287847 6.723269 -1.129701 -7.320078
199391.297842 7.182364 -1.417402 -7.112010
199391.307860 7.368427 -1.612597 -7.035969
199391.317892 7.085216 -1.479224 -6.951993
199391.327896 6.797664 -1.163530 -6.828051
199391.337908 6.810986 -0.862656 -6.663992
199391.347918 7.307055 -0.583487 -6.607260
199391.357927 7.904163 -0.448617 -6.298153
199391.367954 8.252788 -0.508343 -6.168223
199391.377963 8.187823 -0.668061 -6.282286
199391.387987 8.224647 -0.716859 -6.282436
199391.397993 8.306676 -0.632884 -6.196814
199391.408024 8.238119 -0.529299 -6.024522
199391.418017 8.037087 -0.436193 -5.608537
199391.428052 7.732171 -0.289348 -5.359006
199391.438067 7.597601 -0.116757 -4.862937
199391.448067 7.881411 -0.040117 -4.458928
199391.458097 8.465795 -0.009131 -4.330345
199391.468112 9.155262 -0.003892 -4.258644
199391.478127 9.509874 -0.123044 -4.200266
199391.488142 9.678424 -0.188308 -4.401447
199391.498159 9.253008 -0.190853 -4.077820
199391.508165 8.293354 -1.254391 -4.154910
199391.518189 7.552095 -1.025517 -5.029691
199391.528205 8.197403 0.061223 -4.418811
199391.538195 8.452323 0.139959 -3.555257
199391.548237 8.472980 -0.142953 -3.637137
199391.558253 8.781938 -0.291145 -3.603756
199391.568269 9.223220 -0.410297 -3.592080
199391.578284 9.526040 -0.692909 -3.628754
199391.588356 9.494007 -0.986898 -3.696114
199391.598371 9.455836 -0.889450 -3.649710
199391.608388 9.535471 -0.690364 -3.514242
199391.618405 9.563912 -0.673749 -3.409909
199391.628422 9.715397 -0.987496 -3.215164
199391.638437 9.921219 -0.980611 -3.153642
199391.648453 9.786050 -0.884511 -3.023113
199391.658469 9.357790 -0.912652 -3.243755
199391.668486 9.089249 -0.985850 -3.223996
199391.678502 9.254954 -0.600551 -3.228786
199391.688517 9.424701 -0.475411 -2.699636
199391.698517 9.415570 -0.312400 -2.237996
199391.708532 9.599687 -0.284109 -1.761088
199391.718548 9.651779 -0.439785 -1.535507
199391.728562 9.616303 -1.144370 -0.711770
199391.738590 10.019265 -1.023871 -1.473685
199391.748600 10.203681 -0.333656 -2.175875
199391.758602 10.358459 0.151485 -2.783911
199391.768635 9.630972 -0.436492 -2.181414
199391.778656 8.113727 -1.192121 -1.733246
199391.788645 8.283774 -0.788710 -2.252666
199391.798658 8.760832 -0.130978 -1.703158
199391.808698 9.305399 0.178130 -1.270558
199391.818719 9.878258 0.455054 -1.251697
199391.828736 10.113419 0.663720 -0.936153
199391.838746 9.940079 0.329315 -0.953667
199391.848737 9.554930 -0.156874 -0.957259
199391.858778 9.310040 -0.253872 -0.650996
199391.868797 9.321416 0.003892 -0.428259
199391.878817 10.125394 0.984353 0.018412
199391.888832 10.874736 1.084794 0.570164
199391.898847 11.348501 0.330513 0.761167
199391.908860 11.146421 -0.263153 0.161514
199391.918875 10.606045 -0.419577 -0.408800
199391.928890 9.880952 -0.341440 -0.649948
199391.938895 9.387878 -0.258363 -1.049617
199391.948920 8.485405 -0.830024 -2.033521
199391.958936 8.021519 -1.432072 -3.315455
199391.968935 9.297765 -1.336122 -3.465743
199391.978964 10.195898 -0.604742 -2.631228
199391.988980 10.508448 -0.102686 -1.656904
199391.998984 10.734028 -0.125439 -0.738414
199392.009010 10.619966 -0.332758 0.104333
199392.019024 10.366692 -0.384850 0.578397
199392.029030 10.133477 -0.235460 0.723745
199392.039053 10.138567 0.008083 0.856669
199392.049068 10.247690 0.200583 0.952918
199392.059072 10.149045 0.438139 0.541125
199392.069095 10.912158 0.702040 -2.232308
199392.079111 9.010063 -0.173190 1.040337
199392.089117 9.485774 0.594863 2.134561
199392.099140 9.348360 0.879870 1.866918
199392.109155 8.963211 0.696951 1.470392
199392.119154 9.404643 0.226629 1.513203
199392.129183 9.722282 -0.222737 1.867966
199392.139198 9.878557 -0.110770 2.204316
199392.149198 9.714050 0.105531 1.811982
199392.159227 9.523047 -0.041763 1.471440
199392.169236 9.592502 -0.132325 1.524580
199392.179248 9.618698 -0.046254 2.334246
199392.189270 9.441167 -0.025148 2.820135
199392.199286 9.422157 -0.112716 2.515369
199392.209291 9.299561 -0.039368 2.424209
199392.219315 9.162596 -0.075742 2.472109
199392.229331 9.121731 -0.239652 2.830614
199392.239330 9.077723 -0.210462 3.125650
199392.249349 9.983040 -0.258063 1.431324
199392.259363 9.191337 -0.502505 3.546874
199392.269378 9.075627 0.008682 4.311484
199392.279402 8.990305 0.409548 4.145030
199392.289419 8.889863 0.180225 4.136947
199392.299444 8.725206 -0.038171 4.299359
199392.309448 8.678653 0.553699 4.444408
199392.319471 8.616831 0.802930 4.318819
199392.329459 8.772657 0.765807 4.159400
199392.339482 9.703272 0.717907 3.901187
199392.349516 10.696906 0.050295 3.315306
199392.359521 9.833501 0.089813 4.114793
199392.369547 8.982371 -0.038320 4.701124
199392.379562 8.239765 0.098944 5.049749
199392.389569 7.524553 -0.232766 5.754633
199392.399595 6.581214 -0.256117 5.762417
199392.409611 5.919291 0.133373 5.585186
199392.419616 11.241623 -0.099543 5.143454
199392.429642 8.140971 -0.191302 5.682334
199392.439659 8.906778 0.488883 5.082381
199392.449662 8.270152 0.898581 4.707860
199392.459689 7.732770 0.579295 4.485423
199392.469702 7.417226 0.000150 4.659510
199392.479719 7.378456 -0.347128 5.221292
199392.489736 7.408095 -0.397573 6.242319
199392.499751 7.300020 -0.863704 6.945257
199392.509760 6.795569 -1.366209 7.269483
199392.519781 6.186635 -1.427581 7.010522
199392.529796 5.878725 -1.006507 7.272177
199392.539790 6.552624 -0.055834 7.754624
199392.549826 7.507189 0.193697 7.012467
199392.559842 6.768026 -0.057181 7.254514
199392.569836 7.419621 -0.741558 6.257438
199392.579873 7.275471 -1.035098 6.680159
199392.589889 7.057374 -0.736319 7.072193
199392.599897 6.630612 -0.462089 7.509135
199392.609918 6.003865 -0.218995 8.480165
199392.619933 4.835245 -0.479902 9.120833
199392.629951 4.237538 -0.972378 9.139544
199392.639964 4.323609 -1.184337 8.825797
199392.649958 4.795727 -0.730780 8.628507
199392.659968 5.408253 -0.355062 8.731493
199392.670009 5.780380 -0.484842 8.418793
199392.680024 5.748197 -1.346749 8.326585
199392.690016 5.746849 -1.766177 8.713081
199392.700037 5.443430 -1.373244 9.286838
199392.710053 4.584217 -0.967738 9.619596
199392.720076 4.082161 -1.037343 9.267827
199392.730081 3.675756 -1.292263 8.596024
199392.740108 3.330424 -1.339265 8.030950
199392.750105 3.359464 -1.174607 7.768695
199392.760148 3.495232 -0.686323 7.892188
199392.770163 3.365302 -0.153431 8.502918
199392.780179 3.183280 -0.136965 9.033415
199392.790194 3.139571 -0.524210 9.295071
199392.800209 2.970573 -0.727487 9.339828
199392.810225 2.720592 -0.653391 9.256451
199392.820238 2.370770 -0.556094 9.805509
199392.830254 1.830244 -0.668210 10.355017
199392.840269 1.262175 -1.046624 10.681488
199392.850285 1.284329 -1.560655 10.416988
199392.860300 1.682950 -1.574875 10.037826
199392.870315 2.133364 -1.091979 9.878108
199392.880331 2.356250 -0.820893 9.825268
199392.890347 2.638563 -0.858465 9.430389
199392.900364 2.816842 -0.954565 8.913514
199392.910381 2.220033 -0.549208 9.107960
199392.920398 1.266067 -0.329165 9.797127
199392.930414 0.626298 -0.568817 10.090966
199392.940430 0.191152 -0.898432 10.179132
199392.950446 0.273182 -0.986149 9.896071
199392.960462 0.629890 -0.816851 9.749077
199392.970477 1.004711 -0.747396 9.809701
199392.980493 1.261427 -0.711470 9.835597
199392.990508 1.132096 -0.664319 9.515413
199393.000522 0.637674 -0.695304 9.102870
199393.010539 0.133822 -0.930465 9.432635
199393.020555 -0.117356 -1.005010 10.073302
199393.030572 0.017065 -0.976270 10.031988
199393.040588 0.045505 -0.816552 9.418564
199393.050599 0.153880 -0.715063 8.919053
199393.060604 0.466430 -0.705633 9.359886
199393.070620 0.686472 -0.781225 9.912836
199393.080635 0.946033 -0.916544 10.084379
199393.090650 1.064736 -1.006806 9.677376
199393.100683 0.894839 -0.766406 9.709559
199393.110692 0.797991 -0.462089 9.803713
199393.120690 0.888552 -0.298180 9.776769
199393.130719 1.032852 -0.246837 9.663305
199393.140745 1.210084 -0.450114 9.604627
199393.150751 1.213377 -0.678090 9.591005
199393.160774 1.222059 -1.003214 9.044043
199393.170774 1.693878 -1.438509 8.661888
199393.180813 2.685266 -1.613195 9.048533
199393.190832 2.562072 -0.728236 9.027577
199393.200847 1.383573 0.694556 9.830807
199393.210843 0.886457 0.969833 9.810748
199393.220876 1.684896 0.156275 8.992849
199393.230893 3.035089 -1.026116 8.733738
199393.240899 4.103417 -1.322500 8.549771
199393.250925 4.856651 -1.038840 8.711285
199393.260939 4.895270 -0.894839 8.905281
199393.270948 4.135001 -0.850382 9.199719
199393.280973 3.281177 0.044008 8.166418
199393.290989 3.641478 0.417033 9.116642
199393.300997 3.751648 0.293839 8.494985
199393.311022 4.085305 0.379012 8.303383
199393.321040 4.324657 0.016615 8.317454
199393.331041 4.778812 -0.623304 8.663684
199393.341072 4.983437 -0.640069 9.451196
199393.351090 4.952601 -0.519570 9.714199
199393.361099 4.974156 -1.003513 9.510922
199393.371125 5.181475 -1.307381 9.131611
199393.381143 5.444328 -1.357078 9.351503
199393.391149 5.549111 -1.652114 9.427096
199393.401177 6.307733 -0.299827 7.072044
199393.411191 7.833510 0.105531 7.172185
199393.421198 7.984396 -1.082100 7.183113
199393.431210 7.008276 -1.375939 7.191645
199393.441241 6.194568 -1.494342 7.145690
199393.451247 6.048322 -2.005679 7.073690
199393.461272 5.950576 -1.715732 7.640711
199393.471289 5.965245 -1.348845 7.580985
199393.481300 6.029162 -1.149160 7.110514
199393.491321 6.453380 -0.809068 6.656208
199393.501337 7.540569 -0.309107 6.201903
199393.511337 8.234377 -0.282612 5.419181
199393.521370 8.557704 -0.696651 5.283563
199393.531381 8.915460 -0.746797 4.965175
199393.541388 8.819809 -0.559686 4.631668
199393.551403 8.418793 -0.389191 4.570745
199393.561422 7.904313 -0.118703 4.772975
199393.571434 7.514523 -0.075593 4.544849
199393.581453 7.558083 -0.391436 4.261638
199393.591480 8.354128 -0.191302 4.227509
199393.601498 9.476793 -0.097298 4.051625
199393.611520 8.291109 0.266745 3.625461
199393.621529 8.983269 0.095052 3.519182
199393.631554 9.494007 0.035327 3.065176
199393.641547 9.792037 0.348026 4.371958
199393.651587 9.858499 -0.489033 4.057912
199393.661605 8.672515 -0.445474 2.502496
199393.671623 9.507629 0.300575 3.395988
199393.681639 9.906400 0.670755 3.325036
199393.691651 10.046957 0.696951 3.071762
199393.701670 9.929751 -0.061672 2.729424
199393.711685 10.700947 -1.453927 5.820646
199393.721702 9.400452 -0.230221 1.400338
199393.731717 9.010213 0.399070 2.227218
199393.741733 8.839718 0.080533 1.136287
199393.751742 8.631650 0.519420 0.838706
199393.761765 8.569230 0.731529 1.174757
199393.771781 8.634045 0.936902 1.345103
199393.781773 8.944500 1.116828 1.378932
199393.791810 9.384435 0.643961 1.117726
199393.801826 9.887539 -0.133822 0.636027
199393.811825 10.446177 -0.541574 0.058678
199393.821857 11.026670 -0.356559 -0.721200
199393.831873 11.209590 -0.188458 -1.357826
199393.841889 10.754236 -0.228724 -1.801953
199393.851903 10.178384 -0.215402 -2.650688
199393.861912 9.597442 0.159718 -3.659590
199393.871909 9.068442 0.092807 -4.111350
199393.881947 8.493937 -0.109872 -4.110003
199393.891963 8.490344 -0.183069 -3.510799
199393.901956 9.799372 -0.403112 -1.875300
199393.911989 10.955867 -0.686922 -2.058519
199393.922011 10.083631 -1.034798 -3.253784
199393.932023 8.982970 -0.935555 -3.533552
199393.942046 8.202493 -0.611478 -4.163292
199393.952064 7.104676 0.113614 -4.964426
199393.962063 8.309969 1.558559 -5.296436
199393.972096 10.370285 2.196682 -5.392237
199393.982110 11.128009 0.956511 -5.809569
199393.992123 10.794203 0.031584 -6.391708
199394.002124 9.114097 -0.741708 -6.911128
199394.012140 8.093070 -0.978066 -6.864874
199394.022154 7.922725 -1.050066 -6.981482
199394.032171 7.846533 -1.013393 -8.186476
199394.042181 7.121591 -1.937720 -8.627908
199394.052212 5.985902 -2.956801 -9.368418
199394.062212 10.196646 -1.315614 -6.304590
199394.072225 11.930640 -0.101938 -2.173630
199394.082242 6.436316 -0.316741 -4.449647
199394.092282 4.230353 -0.220791 -7.007977
199394.102292 5.265750 -0.071252 -7.648345
199394.112316 5.342091 -0.753982 -8.239616
199394.122337 5.164111 -0.979862 -8.982670
199394.132353 5.412594 -0.412542 -9.458531
199394.142358 4.863536 -0.375270 -9.532178
199394.152385 3.761378 -1.049468 -9.469009
199394.162402 3.685187 -1.098566 -8.424930
199394.172391 3.553311 -1.542093 -7.559131
199394.182435 3.305875 -1.831741 -7.928413
199394.192447 3.095563 -1.731449 -7.683223
199394.202450 3.252137 -1.706152 -8.068671
199394.212485 3.525020 -1.541944 -8.246950
199394.222502 3.391048 -1.371448 -8.622070
199394.232510 3.100203 -1.326541 -9.857302
199394.242534 2.392325 -1.260229 -10.720706
199394.252549 1.801653 -1.316363 -10.764415
199394.262539 1.716780 -1.297202 -10.498568
199394.272582 1.739682 -1.122815 -10.130633
199394.282598 1.588646 -1.184337 -9.997111
199394.292599 1.402284 -1.403931 -9.782308
199394.302630 1.285527 -1.264121 -9.118139
199394.312647 1.386118 -0.765658 -8.810079
199394.322659 1.639091 -0.066312 -8.788973
199394.332684 2.117646 0.594713 -8.936417
199394.342699 1.853146 0.502954 -8.900042
199394.352717 1.478925 -0.068408 -9.010962
199394.362735 1.175356 -0.233365 -8.963061
199394.372752 1.074166 -0.332608 -8.766520
199394.382748 1.118773 -0.569266 -8.817414
199394.392783 1.365610 -0.537832 -8.863219
199394.402799 1.910926 -0.498913 -9.479637
199394.412808 1.838926 -1.063538 -10.308613
199394.422829 1.280138 -1.774859 -10.378667
199394.432846 1.009650 -2.228715 -9.715546
199394.442837 1.294508 -2.282304 -8.752599
199394.452878 1.379232 -1.976490 -7.731722
199394.462895 1.446592 -1.746418 -7.686965
199394.472897 3.306025 -1.484313 -10.575059
199394.482912 2.630779 -3.501219 -11.528427
199394.492928 2.524650 -3.509452 -10.411898
199394.502947 1.359174 -3.672014 -10.398875
199394.512967 0.135618 -2.900518 -9.461375
199394.522990 0.257764 -1.409469 -8.924142
199394.532986 0.260159 -0.930615 -9.186846
199394.543019 0.893642 -0.795596 -9.582623
199394.553024 0.903072 -0.764011 -9.933344
199394.563046 0.349673 -0.436193 -9.817484
199394.573056 -0.224832 0.420326 -9.329948
199394.583066 -0.240250 1.111738 -9.241183
199394.593085 0.010778 1.023422 -9.681118
199394.603094 0.172591 0.863854 -10.073901
199394.613111 0.674048 0.789009 -10.638377
199394.623135 0.807421 0.801284 -10.904524
199394.633165 0.833467 0.822240 -10.851534
199394.643155 1.481918 0.845292 -10.731035
199394.653190 0.338746 -0.531844 -10.022408
199394.663205 -0.639321 -0.605042 -9.753567
199394.673216 -0.957858 -0.012724 -9.801318
199394.683224 -0.853076 0.421523 -10.025103
199394.693248 -0.925076 -0.151784 -10.027947
199394.703263 -1.013991 -0.733325 -9.741892
199394.713254 -0.707878 -0.832120 -9.244775
199394.723294 -0.501906 -0.712069 -9.343121
199394.733310 -0.534239 -0.486488 -9.420959
199394.743313 -0.789758 -0.646206 -9.461225
199394.753343 -1.041384 -0.787213 -9.426348
199394.763357 -1.050066 -0.837658 -9.587413
199394.773343 -1.239722 -0.775986 -9.579629
199394.783385 -1.465303 -0.936752 -9.326655
199394.793400 -1.455124 -1.165925 -9.251212
199394.803403 -1.225801 -1.740580 -9.653725
199394.813431 -0.397723 -1.840423 -10.035880
199394.823447 -0.043110 -1.926194 -9.882749
199394.833462 -0.439486 -1.982926 -9.192534
199394.843479 -0.608185 -1.891467 -9.189690
199394.853495 -0.540825 -2.010469 -9.185499
199394.863513 -0.744103 -2.213597 -9.088201
199394.873529 -0.873883 -2.152673 -9.158405
199394.883545 -1.221161 -1.816323 -8.475375
199394.893562 -2.003134 -1.526825 -7.917036
199394.903579 -2.846930 -1.317560 -7.576495
199394.913596 -2.633923 -0.870141 -6.578071
199394.923611 -2.170037 -0.970582 -6.879694
199394.933611 -2.399061 -0.985551 -8.206534
199394.943628 -2.692152 -0.465083 -9.120983
199394.953641 -2.803819 0.011526 -9.796977
199394.963677 -2.497856 0.197140 -10.171199
199394.973693 -2.223476 0.390688 -10.431208
199394.983683 -2.361489 0.245639 -10.709929
199394.993698 -1.783840 1.675466 -9.184151
199395.003733 -1.051114 1.346749 -9.593251
199395.013730 -1.091530 0.875829 -11.038196
199395.023770 -1.421893 1.221310 -11.049273
199395.033762 -1.278342 1.714984 -11.556269
199395.043789 -1.162483 1.682801 -11.148217
199395.053799 -1.081950 1.161135 -9.884994
199395.063826 -1.283132 1.189876 -9.024733
199395.073853 -1.520688 1.501378 -8.518486
199395.083869 -1.754501 1.374442 -7.902367
199395.093885 -1.702110 1.481469 -7.755073
199395.103880 -1.607357 1.409619 -8.318951
199395.113917 -1.404529 1.891167 -9.251511
199395.123932 -0.998274 2.337988 -10.621313
199395.133938 -1.171464 2.770139 -11.297607
199395.143964 -1.249601 3.004552 -11.009905
199395.153976 -1.421294 2.946622 -10.566078
199395.163996 -1.428030 2.778821 -10.546469
199395.174012 -1.509760 3.357817 -10.130783
199395.184028 -1.289269 4.108357 -9.503737
199395.194044 -0.732427 4.020789 -9.271570
199395.204054 -0.480201 2.587968 -9.484128
199395.214059 -0.351020 1.746718 -10.161319
199395.224069 -0.810714 2.326312 -9.955947
199395.234106 -1.031655 3.431165 -9.087602
199395.244121 -1.183589 4.451593 -8.067623
199395.254136 -0.911754 4.991969 -7.530840
199395.264153 -0.745001 4.911736 -7.261699
199395.274169 -0.689616 5.056335 -7.408394
199395.284186 -0.304916 5.007088 -8.668923
199395.294200 -0.310155 5.468279 -9.651031
199395.304216 -0.278720 6.264473 -10.126143
199395.314231 -0.232317 6.797964 -9.637259
199395.324239 -0.485590 6.855145 -8.755144
199395.334264 -0.663271 6.609056 -8.028405
199395.344264 -0.491877 6.503825 -7.678882
199395.354278 -0.195493 6.249205 -7.343280
199395.364296 -0.077239 6.081853 -6.834787
199395.374311 -0.238454 6.461912 -6.419251
199395.384326 -0.508044 6.515501 -6.255492
199395.394331 -0.393831 6.391858 -6.284531
199395.404368 -0.484542 6.476283 -6.441106
199395.414390 -0.529150 6.980284 -6.503226
199395.424405 0.161364 8.536448 -6.690038
199395.434409 2.380500 8.987011 -6.311176
199395.444416 2.041006 8.741522 -5.748047
199395.454434 1.184038 8.369995 -5.943840
199395.464475 0.742306 8.212522 -5.932164
199395.474482 0.425116 8.333620 -5.868995
199395.484486 0.162712 8.322992 -5.793702
199395.494523 -1.197959 7.950267 -6.214776
199395.504531 -1.212628 6.993158 -6.923403
199395.514556 -1.180296 7.510632 -6.103707
199395.524573 -1.496588 8.210726 -5.757477
199395.534573 -1.368305 8.462802 -6.066884
199395.544605 -0.892744 9.073681 -5.282964
199395.554621 -1.306184 8.861423 -5.104685
199395.564628 -1.377735 8.207882 -5.155878
199395.574655 -0.842298 8.027058 -4.971911
199395.584671 -0.264500 7.911797 -4.977749
199395.594678 -0.283061 7.990234 -5.582791
199395.604704 -1.548530 9.107960 -5.545368
199395.614723 -2.960394 8.313262 -4.809499
199395.624730 -3.100353 7.492070 -4.820576
199395.634731 -1.245260 8.175998 -4.652625
199395.644772 0.014520 9.343869 -4.185446
199395.654779 0.108973 9.592203 -4.271517
199395.664806 -0.272733 8.828491 -4.593198
199395.674822 -0.147743 8.231233 -4.365971
199395.684830 -0.403261 8.131241 -4.400699
199395.694856 -1.394201 8.225844 -4.432732
199395.704872 -1.486708 8.206534 -3.964206
199395.714873 -0.674048 8.641829 -3.472030
199395.724906 0.061522 10.022259 -3.421136
199395.734922 -0.076491 10.847493 -4.371509
199395.744928 -0.709225 10.898985 -4.930297
199395.754956 -0.131726 10.352472 -4.616999
199395.764972 1.375190 8.996442 -5.366490
199395.774979 0.636476 8.408465 -2.804568
199395.785006 0.428858 7.385043 -1.577569
199395.795006 1.001118 7.047495 -2.828967
199395.805033 0.824186 8.373886 -2.926864
199395.815040 0.517923 10.603650 -1.004860
199395.825054 0.111668 10.344089 -1.662593
199395.835080 -0.939596 8.564740 -2.912643
199395.845102 -0.680784 8.610095 -3.382666
199395.855113 -0.534389 9.636211 -3.099604
199395.865138 0.126786 9.995913 -2.982697
199395.875149 0.720901 8.964558 -3.002905
199395.885159 0.209115 8.599767 -2.370471
199395.895164 -0.424068 9.279054 -2.189647
199395.905198 -0.267344 9.801617 -2.504741
199395.915188 0.060025 9.928703 -2.805017
199395.925229 0.128433 10.106533 -2.982398
199395.935249 0.036823 10.115515 -2.686014
199395.945268 0.174088 10.078841 -2.083218
199395.955258 0.653990 10.960957 0.156125
199395.965299 -0.069156 11.053315 -0.441881
199395.975315 0.008832 10.380464 -2.036365
199395.985310 0.156724 10.003398 -2.116748
199395.995349 0.712219 9.955797 -1.632206
199396.005364 0.747396 9.567055 -1.094225
199396.015374 -0.066013 9.226064 -0.869242
199396.025400 -0.127984 8.862770 -0.363893
199396.035416 -0.052990 8.731193 0.063767
199396.045426 -0.178429 9.591604 0.440085
199396.055446 0.193098 10.667118 0.135917
199396.065463 0.135917 10.731933 -1.039738
199396.075467 -0.105081 10.418934 -0.880469
199396.085497 0.162861 9.786349 -0.270038
199396.095514 0.033530 9.710607 0.108524
199396.105527 0.105680 9.790990 0.294737
199396.115548 0.254920 9.768836 0.542472
199396.125564 -0.064965 9.889485 0.897384
199396.135556 -0.051044 10.024205 0.838257
199396.145595 -0.089065 9.989626 1.025817
199396.155613 -0.053139 9.692943 0.521516
199396.165616 0.300725 9.903106 0.416584
199396.175645 0.720003 10.410701 0.138462
199396.185647 0.863405 10.608290 0.095950
199396.195675 1.092279 10.228530 0.159718
199396.205678 0.899180 10.013277 0.354014
199396.215695 0.685275 10.045610 0.723745
199396.225705 0.230221 9.755513 0.886457
199396.235720 0.153880 9.394763 0.506846
199396.245754 0.456700 9.023086 0.624501
199396.255765 0.591570 9.427396 1.998793
199396.265789 0.694556 9.881701 1.967509
199396.275785 0.962648 10.146351 1.599424
199396.285798 0.630190 10.222243 1.558260
199396.295840 0.398471 10.149344 1.355731
199396.305854 0.099693 9.532926 1.104104
199396.315873 -1.293909 8.091873 0.991987
199396.325887 -1.050216 8.918604 1.136287
199396.335906 -0.610730 9.967922 1.193618
199396.345913 0.155227 10.886711 1.351390
199396.355941 1.057401 10.840158 1.066233
199396.365951 1.235830 10.316547 1.294508
199396.375970 0.839005 9.514365 1.259780
199396.385989 0.300575 9.860295 0.845741
199396.396006 0.392783 10.499167 0.852926
199396.406001 0.515678 10.337353 0.915796
199396.416037 -0.021256 10.071357 1.057701
199396.426053 0.107926 9.735904 1.409768
199396.436062 -0.046853 9.000034 1.637894
199396.446086 0.194745 8.816666 2.346969
199396.456104 0.211360 8.614885 2.479743
199396.466116 0.556692 8.767717 2.734963
199396.476135 0.635429 9.412127 2.475103
199396.486152 1.102607 10.270592 1.784290
199396.496152 1.398242 10.924582 0.853076
199396.506185 1.312620 11.406430 0.752934
199396.516200 0.657133 11.324401 0.912502
199396.526212 -0.098046 10.805131 1.128204
199396.536233 -0.094005 10.350227 1.717528
199396.546252 0.279918 9.717492 2.324965
199396.556241 0.590821 8.944200 2.716850
199396.566283 0.589175 8.523725 2.882705
199396.576301 0.517923 8.671617 2.620002
199396.586289 1.083746 9.099428 1.918710
199396.596364 1.542842 9.614207 1.766327
199396.606380 1.670676 10.151440 2.199676
199396.616390 0.957409 10.503957 2.358495
199396.626412 -0.185464 10.606194 2.663561
199396.636412 -0.628693 10.129286 3.386857
199396.646420 -0.269889 9.557325 3.761827
199396.656447 0.249082 9.000483 3.692821
199396.666463 1.178350 8.508008 3.811973
199396.676495 1.905986 8.596324 3.969595
199396.686488 1.523681 8.893755 3.269052
199396.696514 1.161584 9.227561 3.957620
199396.706539 0.617466 9.222621 4.318969
199396.716545 0.902773 8.976982 4.250860
199396.726559 1.209635 9.157657 4.064498
199396.736568 1.120270 8.846154 3.966003
199396.746587 1.339714 8.499924 4.223168
199396.756605 1.661844 8.605904 4.171376
199396.766619 1.246009 8.792865 3.670966
199396.776662 0.929118 8.977731 3.103347
199396.786678 1.046474 9.754615 2.948119
199396.796689 0.966989 10.157577 3.061733
199396.806710 0.859064 9.932146 3.353776
199396.816726 0.709375 9.673035 3.439248
199396.826741 0.874482 9.221424 3.583548
199396.836757 1.265768 8.837921 3.671565
199396.846767 1.159938 8.584948 3.489843
199396.856787 0.826581 8.298593 3.189268
199396.866802 0.506547 8.301886 3.158582
199396.876817 0.724194 8.483159 3.452271
199396.886832 0.993334 8.458910 3.925287
199396.896848 1.249601 8.779543 4.269272
199396.906862 1.282533 9.059012 4.660109
199396.916877 0.918041 9.166189 5.008734
199396.926892 1.003214 8.881032 5.216353
199396.936908 1.066083 8.688981 5.194947
199396.946922 0.992137 8.388556 5.162315
199396.956937 1.103206 8.250693 5.098248
199396.966952 1.033451 8.249794 5.199887
199396.976968 0.923430 7.960596 5.367388
199396.986982 1.022673 7.657027 5.416037
199396.996975 1.178948 7.633376 5.176236
199397.007001 1.485062 7.788005 5.019811
199397.017020 2.034719 8.681646 5.367838
199397.027021 1.231489 9.326206 6.046676
199397.037061 0.721500 9.156160 6.752309
199397.047084 1.280587 8.962013 7.309450
199397.057101 1.630859 8.820558 7.633526
199397.067117 1.455124 8.424032 7.539671
199397.077117 1.231190 7.927964 7.090755
199397.087133 1.211581 7.462432 6.404282
199397.097148 1.265468 7.243437 5.655090
199397.107163 1.266516 7.340435 5.193600
199397.117180 1.130000 7.271130 5.102290
199397.127197 1.098266 7.339687 5.369035
199397.137207 1.169967 7.404353 5.741910
199397.147247 1.236878 7.227720 5.840105
199397.157254 1.288970 7.161108 5.756429
199397.167262 1.343756 7.052135 5.567672
199397.177298 1.367556 7.011869 5.575905
199397.187307 1.586850 7.040010 6.048173
199397.197323 2.503244 7.131171 5.973927
199397.207329 3.521727 5.989046 2.904859
199397.217365 1.094823 5.894293 6.581364
199397.227352 2.150728 7.066355 10.180330
199397.237397 3.130590 7.253466 6.595584
199397.247412 1.628314 6.712491 5.276527
199397.257429 1.626518 7.295080 6.320307
199397.267445 2.485282 7.936795 6.736441
199397.277462 2.895130 7.681576 6.337671
199397.287478 2.621049 7.511530 6.364914
199397.297496 2.834206 7.213050 7.229816
199397.307513 2.336192 6.706953 7.676038
199397.317529 2.453548 6.398145 8.069719
199397.327540 2.490072 6.079458 8.184979
199397.337561 2.511477 5.495223 7.876321
199397.347578 2.578837 5.496720 6.965765
199397.357595 2.902764 5.671556 6.961274
199397.367613 3.429967 5.676346 7.263346
199397.377628 3.352878 5.537135 7.552993
199397.387648 2.938689 5.265600 7.917336
199397.397667 2.518363 5.226980 7.613767
199397.407670 2.557282 5.448819 7.327413
199397.417703 2.695744 5.492678 6.969357
199397.427720 2.897674 5.173841 6.543193
199397.437728 2.985242 4.537215 6.560707
199397.447753 3.085085 3.822301 7.141050
199397.457771 3.338807 3.654800 7.659123
199397.467780 3.834875 3.954327 7.919431
199397.477805 4.190985 4.863836 8.039332
199397.487824 3.949537 5.792055 8.036937
199397.497833 3.923790 6.201005 7.959997
199397.507858 4.113745 5.865852 8.009993
199397.517875 4.147425 4.724326 8.317454
199397.527885 4.506678 3.555406 8.478219
199397.537908 4.828808 3.026856 8.088280
199397.547925 3.996988 3.520978 8.515941
199397.557917 4.127816 4.292025 7.768096
199397.567943 3.974086 4.834796 7.150181
199397.577958 3.807183 4.188739 6.989715
199397.587965 3.698808 3.537594 6.819968
199397.597990 4.363576 2.930007 7.090755
199397.608005 4.535119 2.727628 6.872359
199397.618038 4.850513 2.820285 7.194190
199397.628033 5.186864 2.731969 7.843090
199397.638064 5.355413 3.271447 8.295599
199397.648084 5.580246 3.849844 8.351134
199397.658077 5.876629 3.803441 7.851772
199397.668116 6.455176 3.320695 7.611971
199397.678131 6.970106 2.588567 7.564370
199397.688149 7.083869 2.144141 7.358847
199397.698167 6.888675 2.242187 7.312294
199397.708166 6.661298 2.301015 7.111861
199397.718200 6.781647 2.054777 6.807544
199397.728216 7.321275 1.937122 6.886879
199397.738222 7.880363 2.096840 6.996750
199397.748248 8.181536 1.928140 7.016509
199397.758236 8.255183 1.953587 7.236402
199397.768270 8.227641 2.118544 7.122938
199397.778268 8.349337 1.986220 6.653364
199397.788307 8.706046 1.389710 6.169271
199397.798318 9.087902 0.630190 5.830376
199397.808339 9.033116 0.084724 5.546865
199397.818361 8.302784 -0.268542 4.503235
199397.828365 7.538474 -0.243993 4.402046
199397.838393 8.073761 0.053289 4.675976
199397.848408 8.729098 0.349823 5.130731
199397.858419 8.742121 -0.036524 5.421725
199397.868437 8.621621 -0.470472 5.438640
199397.878452 8.783884 -0.564476 5.415738
199397.888453 9.133407 -0.678539 5.130132
199397.898480 9.127120 -0.841101 4.498296
199397.908496 9.016650 -1.104104 4.127367
199397.918506 8.964259 -1.053360 3.969296
199397.928526 8.988658 -0.787213 3.953878
199397.938542 9.441766 -0.379162 4.203858
199397.948535 9.772578 -0.309257 4.075275
199397.958571 9.742041 -0.347278 4.149521
199397.968587 9.364077 -0.430205 4.025130
199397.978581 9.081615 -0.953517 3.696563
199397.988619 9.215287 -1.461710 3.563939
199397.998635 9.569750 -1.636098 3.028203
199398.008631 9.735305 -1.738185 2.324067
199398.018653 9.728719 -1.774709 2.148782
199398.028670 9.213490 -2.291585 1.393602
199398.038697 8.838071 -3.322790 1.939666
199398.048699 9.157507 -2.746489 1.582060
199398.058715 10.030791 -0.231718 1.698368
199398.068749 9.768536 -1.792223 1.317859
199398.078757 9.461076 -2.591112 1.138083
199398.088772 9.153465 -2.629432 0.906964
199398.098782 9.060958 -2.428699 0.591121
199398.108791 9.076675 -2.541565 0.729733
199398.118826 9.065448 -2.567461 0.340093
199398.128836 8.938512 -2.473905 0.046254
199398.138851 8.897348 -2.079476 0.062570
199398.148883 9.119636 -1.832190 0.195194
199398.158871 9.190289 -1.697470 0.211510
199398.168914 9.238189 -1.433120 0.123942
199398.178930 9.419312 -1.471590 -0.739612
199398.188920 9.473500 -2.133513 -1.606160
199398.198960 9.453591 -2.801873 -1.817520
199398.208977 9.642498 -3.043770 -1.893562
199398.218991 9.819430 -3.851042 -1.436712
199398.229009 9.716894 -3.022215 -1.753454
199398.239026 9.630673 -2.536475 -1.967509
199398.249020 9.422306 -3.203339 -1.770518
199398.259056 9.319021 -3.204836 -1.353485
199398.269072 9.278755 -2.687511 -1.347648
199398.279079 9.137149 -2.506987 -1.307980
199398.289103 9.056317 -2.448458 -1.409469
199398.299120 9.014404 -2.562372 -1.614992
199398.309109 8.821456 -2.692750 -1.718576
199398.319152 8.669222 -2.849774 -1.898652
199398.329168 8.691227 -2.997816 -2.043101
199398.339164 8.725505 -3.088976 -2.193539
199398.349201 8.707393 -2.957101 -2.298321
199398.359218 8.758437 -2.886298 -2.340683
199398.369228 8.722961 -2.981949 -2.438429
199398.379251 8.538394 -3.192112 -2.752626
199398.389268 8.438851 -3.329826 -3.077600
199398.399258 8.590336 -3.207081 -3.432961
199398.409301 8.634944 -3.353626 -4.057762
199398.419316 8.650511 -3.377876 -4.361031
199398.429317 8.940458 -3.683540 -4.307742
199398.439349 8.862620 -3.835773 -4.463718
199398.449349 8.669971 -3.857478 -4.560716
199398.459377 8.490045 -3.855233 -4.407584
199398.469380 8.319699 -3.813021 -4.014651
199398.479396 8.263416 -3.749702 -3.416346
199398.489407 8.382119 -3.509452 -3.428021
199398.499444 8.587792 -3.460654 -3.957919
199398.509451 8.337662 -3.693869 -4.454736
199398.519473 8.086783 -3.551066 -4.633914
199398.529472 7.456893 -3.917504 -4.682113
199398.539486 7.110963 -3.659740 -4.594097
199398.549511 6.735693 -3.638334 -4.897516
199398.559539 6.441854 -3.819457 -5.489684
199398.569556 6.355933 -3.697162 -5.783523
199398.579547 6.603368 -3.121309 -5.769752
199398.589588 6.925947 -2.825225 -5.760770
199398.599602 6.830596 -3.421285 -5.718858
199398.609615 6.711294 -4.088448 -5.768255
199398.619616 6.868317 -4.276307 -6.133944
199398.629650 7.052734 -4.452491 -6.310427
199398.639645 7.000193 -4.522845 -6.434370
199398.649682 6.734046 -4.459077 -6.444548
199398.659698 6.640641 -4.353397 -6.374344
199398.669709 6.739735 -4.211792 -6.422544
199398.679729 6.834039 -3.989653 -6.689290
199398.689746 6.497239 -3.990103 -5.917644
199398.699764 6.141579 -4.321962 -5.395680
199398.709778 6.264623 -4.399950 -5.873636
199398.719795 6.073320 -4.123326 -6.046077
199398.729794 5.616021 -3.941454 -5.956414
199398.739827 5.431306 -4.015699 -6.184389
199398.749843 5.373825 -4.007017 -6.224805
199398.759854 5.335205 -4.027674 -5.921985
199398.769873 5.108427 -4.330644 -6.001320
199398.779888 4.718039 -4.601880 -6.419700
199398.789883 4.433930 -4.455036 -6.927744
199398.799918 4.389921 -3.980373 -7.053482
199398.809932 4.546346 -3.993994 -6.875652
199398.819943 4.699178 -3.842959 -7.049590
199398.829965 4.686904 -3.677253 -7.459139
199398.839980 4.750970 -3.571723 -7.815098
199398.849972 4.725673 -3.450624 -8.068671
199398.860012 4.736001 -3.338957 -7.981702
199398.870029 4.620741 -3.438799 -7.725585
199398.880044 4.476292 -3.943849 -8.216264
199398.890061 4.215683 -3.862268 -8.011789
199398.900062 4.135450 -3.304828 -8.257878
199398.910079 4.130810 -3.194956 -8.430918
199398.920095 4.386478 -3.280428 -8.462951
199398.930111 4.211193 -3.382965 -8.849148
199398.940116 3.881129 -3.649112 -9.283994
199398.950132 3.706891 -3.886368 -9.463920
199398.960175 3.725004 -3.717519 -9.396560
199398.970181 4.227060 -3.498375 -9.131012
199398.980184 4.523743 -3.462001 -8.920101
199398.990200 4.361480 -3.769611 -8.849597
199399.000210 4.219725 -4.064498 -8.854238
199399.010237 3.918102 -4.273164 -8.403824
199399.020265 3.825595 -4.075126 -7.851173
199399.030268 4.005221 -3.785478 -7.928562
199399.040295 3.958967 -3.897745 -8.190667
199399.050304 3.372786 -3.871250 -8.214019
199399.060322 2.808011 -3.946094 -8.650212
199399.070335 3.090623 -4.257896 -8.612490
199399.080350 3.364254 -4.186794 -8.418793
199399.090359 3.332520 -4.036356 -8.396639
199399.100379 3.283572 -3.861221 -8.252639
199399.110394 3.365751 -4.007766 -8.248747
199399.120408 3.218457 -4.367917 -8.301736
199399.130424 3.135530 -4.356091 -8.082592
199399.140437 2.772684 -4.300707 -7.865693
199399.150452 2.439776 -4.540658 -7.451205
199399.160466 1.932781 -4.742737 -7.109017
199399.170482 1.653761 -4.531976 -7.899673
199399.180497 1.794618 -3.815116 -8.024812
199399.190513 1.194815 -3.486699 -7.912845
199399.200528 1.281186 -3.669469 -8.274194
199399.210544 1.424737 -4.820276 -7.736961
199399.220559 1.386716 -5.295538 -7.961195
199399.230573 0.713566 -5.491181 -9.101374
199399.240588 -0.205074 -5.873187 -9.255703
199399.250604 -0.279319 -6.051466 -9.403745
199399.260622 -0.014819 -5.557493 -9.410181
199399.270636 0.459694 -5.016668 -8.581205
199399.280651 1.048120 -4.608916 -7.986642
199399.290666 1.261127 -4.486021 -7.992929
199399.300683 1.202449 -4.953799 -7.951016
199399.310697 1.099015 -5.597909 -7.807464
199399.320713 0.604144 -5.814509 -8.064330
199399.330725 0.254471 -5.844297 -8.352930
199399.340725 -0.092208 -5.519921 -8.626411
199399.350741 -0.008981 -5.432353 -8.640632
199399.360760 0.141456 -5.632188 -8.381970
199399.370774 0.337548 -5.654940 -8.261770
199399.380804 0.297431 -5.298681 -8.160131
199399.390814 -0.081431 -4.989574 -7.904762
199399.400813 -0.450264 -4.637057 -8.043823
199399.410846 -0.987347 -4.386029 -8.135133
199399.420864 -1.965862 -4.030069 -8.209678
199399.430874 -2.683769 -3.758384 -8.138725
199399.440897 -3.202141 -3.821703 -8.133636
199399.450913 -2.845134 -3.776946 -8.215965
199399.460927 -3.336262 -4.176016 -7.766450
199399.470943 -3.074606 -4.642895 -7.135961
199399.480959 -2.329306 -5.034481 -7.587422
199399.490974 -1.902544 -5.218598 -8.079000
199399.500990 -1.782942 -5.108876 -8.346344
199399.511005 -1.765279 -5.044959 -8.984167
199399.521012 -1.947750 -5.046456 -9.454938
199399.531029 -2.271377 -4.786147 -9.209000
199399.541052 -2.492766 -4.667444 -8.615634
199399.551058 -2.634372 -4.742139 -8.608149
199399.561081 -2.563120 -4.759053 -8.810079
199399.571095 -2.416126 -4.765789 -8.861722
199399.581104 -2.758164 -4.714746 -8.852441
199399.591123 -3.139721 -4.503685 -8.484357
199399.601138 -3.762426 -4.118685 -8.420440
199399.611138 -4.140839 -3.828888 -8.384664
199399.621166 -4.050726 -3.771856 -8.135283
199399.631181 -3.750301 -3.993845 -8.062833
199399.641185 -3.545377 -4.269571 -8.413853
199399.651209 -3.492687 -4.467310 -8.732241
199399.661223 -3.410508 -4.696783 -8.280780
199399.671229 -3.392845 -4.887337 -7.910899
199399.681252 -3.403622 -5.041965 -7.567064
199399.691266 -3.576962 -5.143454 -6.734496
199399.701272 -3.655249 -5.059479 -5.442383
199399.711296 -3.993396 -5.243297 -6.094726
199399.721312 -4.201762 -5.541926 -6.648574
199399.731318 -4.381539 -5.564828 -6.581813
199399.741340 -4.878206 -5.324428 -6.259833
199399.751356 -5.242997 -5.094955 -6.236331
199399.761356 -5.276976 -4.835993 -6.767876
199399.771388 -5.455705 -4.593498 -6.998397
199399.781403 -5.409900 -4.254303 -7.136410
199399.791394 -5.180727 -4.279451 -6.979536
199399.801419 -5.171895 -4.593797 -6.674171
199399.811433 -5.277276 -4.924909 -6.616691
199399.821445 -5.857918 -5.028194 -6.231541
199399.831460 -6.413413 -4.981790 -5.859415
199399.841485 -6.758595 -4.820126 -6.347251
199399.851476 -7.212152 -4.755760 -6.728209
199399.861507 -7.504794 -4.976701 -6.311625
199399.871513 -7.267088 -5.107080 -5.552853
199399.881527 -6.612948 -4.952451 -4.618945
199399.891539 -5.977669 -5.178631 -4.045338
199399.901578 -6.105204 -5.367838 -3.839067
199399.911568 -6.537206 -4.550986 -3.373684
199399.921608 -6.831045 -4.202810 -3.041675
199399.931624 -7.020700 -4.274212 -3.399131
199399.941629 -7.178772 -3.772455 -3.854185
199399.951653 -7.401209 -2.986140 -4.404142
199399.961662 -7.865544 -2.229613 -4.743336
199399.971671 -8.339458 -2.090104 -5.110523
199399.981696 -8.539143 -2.022295 -5.382956
199399.991710 -8.408315 -1.913022 -5.079088
199400.001705 -8.236472 -2.015409 -4.576882
199400.011740 -8.123008 -1.824855 -4.239933
199400.021753 -7.873627 -1.119672 -3.801046
199400.031760 -7.766450 -0.575553 -3.362308
199400.041781 -7.570357 -0.525407 -2.984194
199400.051795 -7.468719 -0.180076 -2.731071
199400.061794 -7.833959 0.042961 -2.826572
199400.071825 -8.547974 0.429607 -3.234474
199400.081840 -8.997340 0.803978 -3.789370
199400.091843 -9.236842 0.901725 -4.124224
199400.101871 -9.272767 0.898432 -4.198320
199400.111887 -8.943602 0.969384 -4.297713
199400.121880 -8.859926 1.655857 -4.115242
199400.131919 -8.586145 2.426903 -4.220473
199400.141934 -8.412805 2.917583 -4.378994
199400.151926 -8.211324 3.115322 -4.265530
199400.161963 -8.179740 3.145559 -4.220024
199400.171980 -8.339308 2.895878 -4.132606
199400.181973 -8.221354 2.810106 -3.615881
199400.192012 -8.184081 3.340603 -2.930007
199400.202028 -8.438253 3.686983 -2.887645
199400.212021 -8.772507 3.822601 -3.128045
199400.222059 -8.930728 3.753894 -3.295098
199400.232059 -8.824449 3.545677 -3.328029
199400.242062 -8.667725 3.453319 -3.332969
199400.252091 -8.518935 3.472479 -3.373385
199400.262106 -8.521929 3.461851 -3.617527
199400.272131 -8.319849 3.489993 -3.758235
199400.282140 -8.174351 3.475622 -3.434458
199400.292160 -8.220605 3.391797 -3.035238
199400.302177 -8.418943 3.386408 -2.744094
199400.312191 -8.652757 3.586991 -2.625690
199400.322203 -8.900342 3.795807 -2.767295
199400.332211 -9.005872 3.775000 -2.631228
199400.342232 -8.865913 3.701503 -2.263443
199400.352242 -8.795110 3.683839 -1.984723
199400.362270 -8.744216 3.704197 -1.859284
199400.372297 -8.724757 3.748655 -1.849554
199400.382314 -8.611143 4.004323 -1.945804
199400.392330 -8.631052 4.475842 -2.102677
199400.402346 -8.591684 4.893624 -2.190694
199400.412362 -8.638536 5.283413 -2.310296
199400.422360 -8.710686 5.665269 -2.368974
199400.432394 -8.631800 5.975873 -2.137256
199400.442406 -8.467292 6.053711 -2.147285
199400.452419 -8.179590 6.019283 -2.229913
199400.462441 -7.816895 6.017786 -2.434238
199400.472459 -8.143515 5.412445 -2.952161
199400.482449 -8.072563 5.301076 -3.502417
199400.492491 -7.371271 4.925208 -3.739973
199400.502509 -6.898554 6.141429 -3.788921
199400.512505 -5.666467 5.770800 -3.734285
199400.522544 -6.231691 6.399941 -3.671415
199400.532560 -6.012697 6.986122 -4.261039
199400.542568 -5.643265 7.132967 -5.173542
199400.552591 -5.259762 7.087012 -5.839956
199400.562609 -5.036876 7.220235 -6.264772
199400.572598 -5.058880 7.457642 -6.593788
199400.582641 -4.887486 7.687115 -6.462661
199400.592658 -4.514612 7.564669 -6.145770
199400.602657 -4.240831 7.411987 -5.875582
199400.612689 -4.060606 7.334448 -5.918842
199400.622706 -4.130361 7.149433 -6.041736
199400.632717 -4.032015 6.907386 -5.801935
199400.642738 -3.830235 6.545588 -5.278922
199400.652755 -4.042494 6.372997 -5.043462
199400.662742 -4.283193 6.369405 -5.245841
199400.672787 -4.432133 6.367309 -5.844596
199400.682788 -4.221821 6.293812 -6.457871
199400.692806 -4.149222 6.411467 -6.768924
199400.702818 -3.970793 6.777606 -7.216493
199400.712832 -3.660937 6.964866 -7.175628
199400.722836 -3.253035 6.949598 -6.948101
199400.732861 -2.891836 6.494694 -6.933881
199400.742889 -2.820884 6.139034 -6.719826
199400.752895 -2.700534 5.965844 -6.209388
199400.762905 -2.520159 5.809419 -5.873636
199400.772943 -2.616409 5.611680 -6.225404
199400.782952 -2.813100 5.643864 -7.028933
199400.792965 -2.848576 5.815706 -7.872130
199400.802964 -2.665357 6.102809 -8.050858
199400.812985 -2.558480 6.190227 -7.703880
199400.822994 -2.633923 5.888455 -7.132218
199400.833033 -3.314258 5.389542 -6.359675
199400.843044 -4.719087 5.586533 -5.659581
199400.853067 -4.482429 5.049599 -5.813311
199400.863083 -4.019741 4.518204 -6.810986
199400.873074 -3.740721 5.218748 -7.459438
199400.883114 -3.622467 5.608836 -7.713310
199400.893130 -3.375032 5.101392 -7.724237
199400.903133 -3.123255 4.669540 -7.589218
199400.913159 -2.913691 4.491111 -7.484735
199400.923170 -2.870281 4.505331 -7.907905
199400.933193 -2.908003 4.329746 -7.993378
199400.943207 -2.625241 4.405040 -7.840096
199400.953224 -1.621428 4.834497 -7.920330
199400.963223 -1.136586 5.345983 -8.218060
199400.973250 -1.706751 5.304968 -8.622669
199400.983271 -2.482887 5.068610 -8.917406
199400.993268 -2.814747 4.662205 -8.643176
199401.003304 -2.881208 4.422104 -7.946974
199401.013321 -2.900668 4.098627 -7.465575
199401.023312 -3.388953 3.776646 -7.524852
199401.033353 -3.456013 3.543581 -8.122559
199401.043370 -3.046315 3.685187 -9.059910
199401.053371 -2.285896 4.070635 -9.629775
199401.063400 -1.685196 4.318370 -9.663305
199401.073417 -1.745071 3.908822 -9.570947
199401.083431 -1.831441 3.347788 -9.566307
199401.093448 -1.660347 2.736010 -9.689201
199401.103466 -1.270857 2.221381 -9.059760
199401.113461 -0.856818 2.087260 -9.253607
199401.123497 -0.908461 2.446063 -10.303224
199401.133497 -1.492247 2.944527 -11.075918
199401.143520 -1.719175 2.868784 -10.480306
199401.153528 -1.608555 2.848427 -9.936188
199401.163543 -1.002914 2.653981 -9.402248
199401.173576 -0.135019 2.182462 -9.221873
199401.183592 0.251926 1.500480 -9.267378
199401.193597 0.383503 0.761766 -9.567654
199401.203618 0.424218 0.174836 -9.464668
199401.213618 0.260458 -0.154928 -9.207802
199401.223623 0.401166 0.066162 -8.611742
199401.233640 0.566422 0.241448 -7.642358
199401.243665 0.985401 0.447270 -7.437284
199401.253681 1.293311 0.648601 -7.648645
199401.263699 1.524280 0.787363 -8.122858
199401.273725 2.089056 0.830623 -8.608299
199401.283742 2.720143 1.336870 -9.692195
199401.293752 2.890789 2.484683 -12.411889
199401.303768 2.708767 2.920726 -13.665832
199401.313788 2.739603 1.398542 -11.080408
199401.323804 3.082540 0.818498 -9.077124
199401.333817 3.149151 1.219813 -8.543334
199401.343831 2.691852 1.357677 -8.682095
199401.353833 2.402504 1.033002 -9.079070
199401.363861 2.743645 0.657133 -9.162746
199401.373875 3.049459 0.420925 -9.357341
199401.383877 3.239563 0.298629 -9.481882
199401.393904 3.435955 0.301623 -9.692644
199401.403917 3.153343 0.700992 -10.626253
199401.413932 3.197501 0.972677 -11.011551
199401.423947 3.457360 0.990341 -10.585238
199401.433962 3.400030 0.826880 -9.779613
199401.443976 4.013155 0.639021 -9.219328
199401.453989 4.961433 0.679138 -8.824000
199401.464003 4.555776 0.914897 -8.628357
199401.474016 3.876638 0.743354 -8.498577
199401.484028 4.168232 0.277224 -8.361462
199401.494043 4.665797 0.029339 -8.208331
199401.504055 4.834497 -0.169747 -8.453970
199401.514069 5.006639 0.121098 -9.987381
199401.524084 4.498146 -0.083377 -10.133178
199401.534084 3.720363 -0.383053 -8.670569
199401.544111 4.084257 -0.440833 -8.212971
199401.554126 4.351002 -0.599952 -8.756790
199401.564139 4.244723 -0.999621 -9.280401
199401.574154 4.898563 -1.430725 -9.889036
199401.584157 5.335505 -1.513203 -9.828112
199401.594235 5.030439 -1.490750 -8.943302
199401.604248 4.512366 -1.672921 -8.528365
199401.614249 4.309389 -1.691033 -8.585546
199401.624264 4.242927 -1.460812 -8.835377
199401.634280 3.985911 -1.180894 -9.291478
199401.644292 3.773054 -0.982108 -10.006242
199401.654325 3.931275 -0.871188 -10.436896
199401.664340 4.032914 -1.200953 -10.093960
199401.674330 3.875591 -1.531765 -9.156309
199401.684340 3.791915 -1.891766 -8.113129
199401.694369 3.874243 -2.396666 -7.808362
199401.704390 3.981271 -3.019521 -7.963290
199401.714410 4.014502 -3.621120 -8.577313
199401.724417 3.965554 -3.462150 -9.046737
199401.734435 3.979475 -3.582500 -8.769963
199401.744455 3.684438 -3.320395 -8.309221
199401.754460 3.571124 -3.134632 -8.515043
199401.764483 3.457959 -2.803670 -8.728649
199401.774498 3.276237 -2.365830 -8.762628
199401.784505 3.234624 -2.271975 -8.577313
199401.794529 3.081043 -2.387535 -8.519833
199401.804544 2.663112 -2.384841 -8.710387
199401.814546 2.505041 -2.065255 -8.987760
199401.824576 2.427652 -1.843866 -9.159902
199401.834593 2.078278 -1.792522 -9.306597
199401.844601 1.794319 -1.595382 -9.153465
199401.854626 1.418450 -1.670077 -7.806416
199401.864641 1.124911 -1.676963 -8.414452
199401.874647 1.068179 -1.148562 -9.101673
199401.884673 1.123264 -0.870141 -9.296717
199401.894689 1.089435 -0.962798 -10.003098
199401.904695 1.119073 -1.297801 -10.347832
199401.914720 0.957559 -1.772165 -10.078841
199401.924736 0.709674 -2.195634 -9.591305
199401.934743 0.401166 -2.420467 -9.312584
199401.944746 0.276625 -2.408941 -9.231453
199401.954781 0.141905 -1.918261 -9.593550
199401.964781 0.041913 -1.333427 -10.047706
199401.974811 -0.109872 -1.146915 -10.289603
199401.984827 -0.227227 -1.386118 -10.045909
199401.994826 -0.278720 -1.499282 -9.866433
199402.004856 -0.209864 -1.521137 -9.569001
199402.014871 -0.136666 -1.472787 -9.326056
199402.024876 -0.488285 -1.474135 -9.394614
199402.034902 -0.712818 -1.613794 -9.381441
199402.044916 -1.048420 -1.693129 -9.487421
199402.054922 -1.247655 -1.664090 -9.536519
199402.064929 -1.199156 -1.562750 -9.477691
199402.074943 -1.070723 -1.469943 -9.401050
199402.084953 -0.864303 -1.419199 -9.368119
199402.094971 -0.847987 -1.379831 -9.420510
199402.104997 -0.926124 -1.303190 -9.627979
199402.115003 -0.987946 -1.224005 -9.846823
199402.125033 -1.053210 -1.163979 -9.737401
199402.135023 -0.903222 -1.278342 -9.564810
199402.145064 -0.825833 -1.418750 -9.631870
199402.155074 -0.855022 -1.493295 -9.708661
199402.165073 -0.807571 -1.517544 -9.855206
199402.175086 -0.754880 -1.394201 -9.848919
199402.185119 -0.832569 -1.262325 -10.030042
199402.195142 -0.927920 -1.239423 -9.879156
199402.205153 -0.930465 -1.176104 -9.601484
199402.215167 -0.877475 -1.110092 -9.537267
199402.225187 -0.659828 -1.093027 -9.645791
199402.235195 -0.532143 -1.081351 -9.882000
199402.245217 -0.614921 -1.083447 -10.010733
199402.255229 -0.650397 -1.136137 -9.955348
199402.265221 -0.781375 -1.109642 -9.936188
199402.275259 -0.837359 -1.072669 -9.893676
199402.285273 -0.817600 -1.025068 -9.752969
199402.295289 -0.838407 -0.900378 -9.761651
199402.305304 -0.830772 -0.778980 -9.716894
199402.315319 -0.831072 -0.751437 -9.796977
199402.325311 -0.819097 -0.790506 -9.800869
199402.335350 -0.819246 -0.850232 -9.664203
199402.345365 -0.775537 -0.914299 -9.636511
199402.355359 -0.764161 -0.944386 -9.684711
199402.365399 -0.771047 -0.873284 -9.999805
199402.375415 -0.795446 -0.898581 -10.056986
199402.385408 -0.823288 -0.952619 -9.810599
199402.395446 -0.808768 -0.900827 -9.775272
199402.405461 -0.803230 -0.890049 -9.738748
199402.415472 -0.646805 -0.885858 -9.843081
199402.425494 -0.599503 -0.857417 -9.922117
199402.435510 -0.651445 -0.888253 -9.658814
199402.445509 -0.685125 -0.918191 -9.332942
199402.455543 -0.716710 -0.850980 -9.461375
199402.465559 -0.636327 -0.819396 -9.372909
199402.475569 -0.453407 -0.876278 -9.659862
199402.485575 -0.259411 -0.820444 -10.322534
199402.495591 -0.189057 -0.899330 -10.746303
199402.505600 -0.386197 -1.147963 -10.288106
199402.515624 -0.556842 -1.168320 -9.878258
199402.525654 -0.687820 -1.013243 -9.433683
199402.535658 -0.577798 -0.892444 -8.920699
199402.545668 -0.268092 -0.601000 -8.735235
199402.555693 -0.064516 -0.350571 -8.992251
