199382.119049 -0.020317 0.031817 -0.016085
199382.129042 -0.022445 0.030745 -0.017161
199382.139032 -0.021383 0.031813 -0.015023
199382.149025 -0.021385 0.032876 -0.016089
199382.159018 -0.021385 0.032876 -0.017156
199382.169008 -0.021383 0.031813 -0.015023
199382.179001 -0.021380 0.030750 -0.015023
199382.188993 -0.021385 0.032876 -0.016089
199382.198983 -0.021380 0.030749 -0.016089
199382.208976 -0.022449 0.031809 -0.015027
199382.218970 -0.021388 0.033940 -0.016089
199382.228960 -0.021385 0.032876 -0.017156
199382.238953 -0.020320 0.032880 -0.016085
199382.248942 -0.021388 0.033940 -0.016089
199382.258932 -0.022445 0.030745 -0.017161
199382.268929 -0.021385 0.032876 -0.016089
199382.278923 -0.021383 0.031813 -0.015023
199382.288913 -0.022449 0.031809 -0.015027
199382.298905 -0.020320 0.032880 -0.016085
199382.308898 -0.022449 0.031809 -0.015027
199382.318888 -0.022451 0.032872 -0.016094
199382.328881 -0.021386 0.032876 -0.015023
199382.338874 -0.022449 0.031809 -0.015027
199382.348864 -0.021383 0.031813 -0.015023
199382.358856 -0.021383 0.031813 -0.016089
199382.368849 -0.021383 0.031813 -0.015023
199382.378839 -0.021388 0.033940 -0.015023
199382.388806 -0.022445 0.030745 -0.016094
199382.398826 -0.021380 0.030750 -0.015023
199382.408816 -0.022448 0.031809 -0.016094
199382.418809 -0.022451 0.032872 -0.015027
199382.428802 -0.022448 0.031809 -0.016094
199382.438792 -0.021387 0.033939 -0.017156
199382.448777 -0.021380 0.030750 -0.015023
199382.458779 -0.022450 0.032872 -0.017161
199382.468769 -0.021386 0.032876 -0.015023
199382.478744 -0.022451 0.032872 -0.016094
199382.488754 -0.020316 0.031817 -0.017152
199382.498744 -0.021383 0.031813 -0.016089
199382.508728 -0.022451 0.032872 -0.016094
199382.518730 -0.022449 0.031809 -0.015027
199382.528720 -0.022451 0.032872 -0.015027
199382.538713 -0.022449 0.031809 -0.015027
199382.548707 -0.021383 0.031813 -0.016089
199382.558697 -0.022454 0.033936 -0.015027
199382.568689 -0.021380 0.030750 -0.015023
199382.578682 -0.020318 0.031817 -0.015018
199382.588672 -0.020314 0.030754 -0.016085
199382.598663 -0.020317 0.031817 -0.016085
199382.608659 -0.021386 0.032876 -0.015023
199382.618649 -0.021385 0.032876 -0.017156
199382.628642 -0.022454 0.033936 -0.015027
199382.638635 -0.020328 0.036071 -0.015018
199382.648625 -0.020318 0.031817 -0.015018
199382.658617 -0.022449 0.031809 -0.015027
199382.668611 -0.020320 0.032880 -0.016085
199382.678601 -0.021383 0.031813 -0.016089
199382.688594 -0.022451 0.032872 -0.016094
199382.698586 -0.020317 0.031817 -0.016085
199382.708576 -0.019249 0.030758 -0.016080
199382.718570 -0.020320 0.032881 -0.015018
199382.728540 -0.019248 0.030758 -0.017147
199382.738530 -0.020314 0.030754 -0.016085
199382.748546 -0.020311 0.029690 -0.017152
199382.758524 -0.022445 0.030745 -0.016094
199382.768514 -0.020316 0.031817 -0.017152
199382.778522 -0.021379 0.030749 -0.017156
199382.788516 -0.020314 0.030753 -0.017152
199382.798506 -0.021380 0.030749 -0.016089
199382.808498 -0.021385 0.032876 -0.016089
199382.818491 -0.022449 0.031809 -0.015027
199382.828481 -0.022448 0.031809 -0.016094
199382.838475 -0.021383 0.031813 -0.016089
199382.848459 -0.023517 0.032868 -0.015032
199382.858449 -0.022448 0.031809 -0.016094
199382.868450 -0.020320 0.032881 -0.015018
199382.878444 -0.020318 0.031817 -0.015018
199382.888434 -0.021380 0.030749 -0.016089
199382.898427 -0.020320 0.032880 -0.016085
199382.908420 -0.021380 0.030750 -0.015023
199382.918410 -0.023519 0.033931 -0.015032
199382.928396 -0.021392 0.035004 -0.013956
199382.938396 -0.021389 0.033940 -0.013956
199382.948386 -0.021383 0.031813 -0.016089
199382.958372 -0.022449 0.031809 -0.015027
199382.968371 -0.022451 0.032872 -0.015027
199382.978361 -0.019249 0.030758 -0.016080
199382.988332 -0.021383 0.031813 -0.015023
199382.998331 -0.021385 0.032876 -0.016089
199383.008321 -0.021385 0.032876 -0.016089
199383.018307 -0.021383 0.031813 -0.016089
199383.028324 -0.020314 0.030754 -0.016085
199383.038314 -0.022450 0.032872 -0.017161
199383.048279 -0.022453 0.033935 -0.016094
199383.058301 -0.021385 0.032876 -0.017156
199383.068291 -0.021380 0.030749 -0.016089
199383.078277 -0.021385 0.032876 -0.016089
199383.088276 -0.022453 0.033935 -0.016094
199383.098266 -0.021380 0.030750 -0.015023
199383.108242 -0.021385 0.032876 -0.016089
199383.118253 -0.022448 0.031808 -0.017161
199383.128243 -0.020320 0.032880 -0.016085
199383.138214 -0.022448 0.031809 -0.016094
199383.148229 -0.021381 0.030750 -0.013956
199383.158219 -0.022451 0.032872 -0.016094
199383.168210 -0.020318 0.031817 -0.015018
199383.178205 -0.019255 0.032885 -0.015014
199383.188195 -0.021383 0.031813 -0.016089
199383.198170 -0.022449 0.031809 -0.015027
199383.208180 -0.023514 0.031805 -0.015032
199383.218170 -0.020323 0.033944 -0.015018
199383.228163 -0.021385 0.032876 -0.016089
199383.238133 -0.022451 0.032872 -0.015027
199383.248123 -0.020314 0.030754 -0.016085
199383.258140 -0.022453 0.033935 -0.016094
199383.268115 -0.020319 0.032880 -0.017152
199383.278105 -0.021385 0.032876 -0.016089
199383.288116 -0.023514 0.031804 -0.016099
199383.298110 -0.021383 0.031813 -0.015023
199383.308100 -0.020316 0.031817 -0.017152
199383.318092 -0.022454 0.033936 -0.015027
199383.328086 -0.020318 0.031817 -0.015018
199383.338076 -0.021385 0.032876 -0.017156
199383.348069 -0.020320 0.032880 -0.016085
199383.358062 -0.021386 0.032876 -0.015023
199383.368052 -0.022451 0.032872 -0.016094
199383.378044 -0.020321 0.032881 -0.013952
199383.388038 -0.021383 0.031813 -0.015023
199383.398028 -0.021383 0.031813 -0.016089
199383.408020 -0.020316 0.031817 -0.017152
199383.418014 -0.022451 0.032872 -0.016094
199383.428004 -0.023519 0.033931 -0.016099
199383.437997 -0.021380 0.030749 -0.016089
199383.447991 -0.022451 0.032872 -0.015027
199383.457981 -0.020314 0.030754 -0.016085
199383.467972 -0.021386 0.032876 -0.015023
199383.477966 -0.022448 0.031809 -0.016094
199383.487956 -0.022445 0.030745 -0.016094
199383.497925 -0.019255 0.032885 -0.015014
199383.507943 -0.021385 0.032876 -0.016089
199383.517933 -0.020314 0.030754 -0.016085
199383.527908 -0.020320 0.032881 -0.015018
199383.537919 -0.021382 0.031813 -0.017156
199383.547909 -0.023516 0.032868 -0.016099
199383.557902 -0.020317 0.031817 -0.016085
199383.567895 -0.022448 0.031809 -0.016094
199383.577885 -0.021383 0.031813 -0.016089
199383.587878 -0.020317 0.031817 -0.016085
199383.597871 -0.020320 0.032880 -0.016085
199383.607861 -0.021383 0.031813 -0.016089
199383.617854 -0.021387 0.033939 -0.017156
199383.627847 -0.021385 0.032876 -0.016089
199383.637837 -0.022450 0.032872 -0.017161
199383.647830 -0.020320 0.032880 -0.016085
199383.657798 -0.022448 0.031809 -0.016094
199383.667788 -0.022448 0.031809 -0.016094
199383.677807 -0.023514 0.031804 -0.016099
199383.687800 -0.020320 0.032880 -0.016085
199383.697790 -0.021385 0.032876 -0.016089
199383.707783 -0.021379 0.030749 -0.017156
199383.717775 -0.024582 0.032863 -0.016103
199383.727765 -0.021377 0.029686 -0.017156
199383.737759 -0.020314 0.030754 -0.016085
199383.747745 -0.019251 0.031821 -0.016080
199383.757735 -0.021385 0.032876 -0.016089
199383.767736 -0.022449 0.031809 -0.015027
199383.777728 -0.022453 0.033935 -0.016094
199383.787718 -0.021380 0.030749 -0.016089
199383.797711 -0.022449 0.031809 -0.015027
199383.807705 -0.022448 0.031809 -0.016094
199383.817695 -0.021386 0.032876 -0.015023
199383.827688 -0.019249 0.030758 -0.016080
199383.837656 -0.022451 0.032872 -0.015027
199383.847646 -0.021388 0.033940 -0.015023
199383.857664 -0.022454 0.033936 -0.015027
199383.867647 -0.021385 0.032876 -0.017156
199383.877637 -0.022451 0.032872 -0.016094
199383.887640 -0.021385 0.032876 -0.016089
199383.897633 -0.021383 0.031813 -0.016089
199383.907623 -0.022451 0.032872 -0.016094
199383.917617 -0.020314 0.030754 -0.016085
199383.927610 -0.021383 0.031813 -0.015023
199383.937600 -0.021383 0.031813 -0.016089
199383.947592 -0.022451 0.032872 -0.015027
199383.957586 -0.021383 0.031813 -0.016089
199383.967576 -0.022449 0.031809 -0.015027
199383.977566 -0.020316 0.031817 -0.017152
199383.987562 -0.019249 0.030758 -0.016080
199383.997552 -0.020312 0.029690 -0.016085
199384.007527 -0.020320 0.032880 -0.016085
199384.017529 -0.021383 0.031813 -0.016089
199384.027519 -0.019248 0.030758 -0.017147
199384.037506 -0.020318 0.031817 -0.015018
199384.047495 -0.020312 0.029690 -0.016085
199384.057485 -0.020320 0.032880 -0.016085
199384.067474 -0.020316 0.031817 -0.018218
199384.077461 -0.021385 0.032876 -0.016089
199384.087451 -0.021380 0.030750 -0.015023
199384.097473 -0.022445 0.030745 -0.017161
199384.107459 -0.020320 0.032880 -0.016085
199384.117449 -0.021383 0.031813 -0.015023
199384.127451 -0.023511 0.030741 -0.015032
199384.137430 -0.021383 0.031813 -0.016089
199384.147420 -0.021380 0.030749 -0.016089
199384.157426 -0.022451 0.032872 -0.015027
199384.167419 -0.021385 0.032876 -0.016089
199384.177409 -0.022449 0.031809 -0.015027
199384.187402 -0.021386 0.032876 -0.015023
199384.197371 -0.021383 0.031813 -0.016089
199384.207361 -0.020318 0.031817 -0.015018
199384.217377 -0.022449 0.031809 -0.015027
199384.227354 -0.021385 0.032876 -0.016089
199384.237344 -0.023510 0.030741 -0.017165
199384.247354 -0.020317 0.031817 -0.016085
199384.257335 -0.022448 0.031808 -0.017161
199384.267325 -0.021386 0.032876 -0.015023
199384.277330 -0.020314 0.030754 -0.016085
199384.287311 -0.021374 0.028622 -0.017156
199384.297301 -0.021377 0.029686 -0.016089
199384.307307 -0.019254 0.032885 -0.016080
199384.317290 -0.020317 0.031817 -0.016085
199384.327280 -0.022454 0.033936 -0.015027
199384.337282 -0.021383 0.031813 -0.015023
199384.347269 -0.021385 0.032876 -0.016089
199384.357259 -0.021383 0.031813 -0.016089
199384.367260 -0.020318 0.031817 -0.015018
199384.377224 -0.022451 0.032872 -0.016094
199384.387214 -0.021385 0.032876 -0.016089
199384.397235 -0.021379 0.030749 -0.017156
199384.407227 -0.020320 0.032881 -0.015018
199384.417217 -0.022451 0.032872 -0.015027
199384.427212 -0.023517 0.032868 -0.015032
199384.437204 -0.020315 0.030754 -0.015018
199384.447194 -0.023508 0.029677 -0.016099
199384.457188 -0.020312 0.029690 -0.016085
199384.467180 -0.021371 0.027559 -0.018223
199384.477170 -0.021369 0.026496 -0.017156
199384.487141 -0.022444 0.031807 -0.023560
199384.497157 -0.022422 0.026485 -0.040626
199384.507147 -0.023460 0.027529 -0.101426
199384.517131 -0.022346 0.027509 -0.199549
199384.527133 -0.027597 0.027449 -0.353161
199384.537123 -0.025390 0.027420 -0.505675
199384.547116 -0.032734 0.017774 -0.687028
199384.557110 -0.035904 0.015624 -0.729706
199384.567100 -0.052974 -0.004613 -0.584721
199384.577094 -0.096702 -0.035567 -0.347056
199384.587086 -0.172350 -0.063485 -0.218319
199384.597076 -0.218150 -0.066863 -0.237712
199384.607070 -0.147726 -0.102742 -0.255546
199384.617045 -0.149109 0.009991 -0.185155
199384.627035 -0.136297 -0.013336 -0.117905
199384.637046 -0.132212 -0.363188 -0.142423
199384.647038 -0.206037 -1.094045 -0.139545
199384.657028 -0.293479 -1.946152 0.000866
199384.667022 -0.385680 -2.625971 0.273516
199384.677015 -0.636000 -2.711978 0.539101
199384.687005 -1.070817 -2.279815 0.656717
199384.696998 -1.459531 -1.926205 0.596406
199384.706991 -1.688629 -1.897378 0.465308
199384.716981 -1.843446 -1.760832 0.408122
199384.726973 -2.001435 -1.236119 0.486385
199384.736945 -2.008474 -0.571491 0.580222
199384.746935 -1.674287 -0.857254 0.669100
199384.756950 -0.606535 -0.915691 0.808028
199384.766926 1.485867 0.078439 0.742267
199384.776916 2.045553 -0.071341 0.941964
199384.786926 2.108050 0.056543 1.040358
199384.796915 1.843453 -0.206147 0.910173
199384.806905 1.495423 -0.354305 0.846830
199384.816903 1.453723 -0.311916 0.921315
199384.826884 1.740791 -0.483045 0.905467
199384.836874 2.106147 -0.834667 0.785423
199384.846879 2.420884 -0.971681 0.668367
199384.856872 2.603455 -1.099646 0.583813
199384.866862 2.656802 -1.120709 0.548842
199384.876854 2.593661 -1.005058 0.517644
199384.886849 2.474312 -0.986413 0.441408
199384.896839 2.254516 -1.269128 0.312480
199384.906831 2.109533 -1.170899 -0.041179
199384.916825 1.924098 -0.662357 -0.398206
199384.926815 1.746557 -0.320746 -0.788265
199384.936807 1.438281 -0.179492 -0.827971
199384.946769 1.204326 0.049284 -0.772433
199384.956759 1.018056 0.394148 -0.768954
199384.966777 0.717929 0.674756 -0.756360
199384.976777 0.543248 1.097264 -0.876557
199384.986767 0.588407 1.841762 -1.156873
199384.996738 0.713814 2.479144 -1.565907
199385.006753 0.690348 2.990454 -1.948910
199385.016743 0.441074 3.442405 -2.208081
199385.026725 0.109954 3.793032 -2.360941
199385.036730 -0.152326 3.862160 -2.395119
199385.046720 -0.215555 4.001221 -2.368721
199385.056695 -0.020415 4.372064 -2.384954
199385.066706 0.198007 4.382501 -2.409624
199385.076696 0.146044 4.267465 -2.329851
199385.086688 -0.124352 4.154741 -2.269139
199385.096682 -0.407117 3.866517 -2.163683
199385.106672 -0.558055 3.683052 -1.983005
199385.116638 -0.438614 3.613381 -1.835308
199385.126658 -0.128189 3.465754 -1.798792
199385.136648 0.116297 3.296559 -1.904415
199385.146641 0.239305 3.133255 -2.027620
199385.156634 0.191313 2.725775 -2.033161
199385.166624 0.030188 2.368917 -1.919723
199385.176616 -0.147259 2.127930 -1.709293
199385.186609 -0.349217 1.895342 -1.535232
199385.196599 -0.567704 1.902992 -1.472164
199385.206593 -0.679822 2.019491 -1.584632
199385.216563 -0.653685 2.267310 -1.822370
199385.226553 -0.552656 2.394199 -2.064057
199385.236570 -0.547143 2.337838 -2.152562
199385.246561 -0.786776 2.289031 -2.136515
199385.256551 -1.137289 2.233440 -1.959883
199385.266522 -1.497635 1.821602 -1.642506
199385.276539 -1.851475 1.331141 -1.156579
199385.286529 -2.047189 1.083785 -0.609182
199385.296509 -2.042844 0.948878 -0.097197
199385.306515 -1.958321 1.178986 0.192212
199385.316505 -1.883143 1.361139 0.229865
199385.326477 -1.901955 1.233431 0.134856
199385.336491 -1.919875 1.175909 0.034519
199385.346481 -1.809093 1.196548 -0.001274
199385.356476 -1.700561 1.260783 -0.014678
199385.366467 -1.682139 1.569239 -0.044461
199385.376457 -1.751038 1.834836 0.034177
199385.386444 -1.836620 1.926002 0.254600
199385.396443 -1.818082 2.135627 0.489333
199385.406433 -1.519651 2.499482 0.639928
199385.416423 -1.075078 2.393867 0.687680
199385.426420 -0.689497 2.027466 0.681848
199385.436410 -0.461290 1.961376 0.651886
199385.446379 -0.417755 2.034910 0.588076
199385.456396 -0.439404 2.178373 0.545321
199385.466386 -0.499219 2.253614 0.458673
199385.476360 -0.560448 2.044915 0.358151
199385.486373 -0.476195 1.599670 0.307307
199385.496363 -0.251425 1.221964 0.186666
199385.506334 -0.019910 0.712412 0.023388
199385.516349 0.259459 -0.193591 -0.094893
199385.526339 0.464818 -1.328525 -0.222025
199385.536337 0.417239 -2.286899 -0.424891
199385.546326 0.155524 -2.859018 -0.507070
199385.556316 -0.200095 -3.008203 -0.305929
199385.566284 -0.432353 -2.668747 0.065330
199385.576301 -0.364546 -2.594998 0.471993
199385.586291 -0.016560 -2.921037 0.869176
199385.596262 0.364456 -3.660626 1.208899
199385.606277 0.567631 -4.823155 1.327076
199385.616267 0.610336 -6.524485 1.157650
199385.626251 0.498899 -8.393356 1.103826
199385.636253 0.071912 -8.595942 1.527583
199385.646243 -0.274683 -7.705028 1.914361
199385.656235 -0.075800 -6.351483 2.276798
199385.666229 0.471581 -4.990207 2.468992
199385.676219 0.996743 -4.509567 2.493627
199385.686195 1.164537 -4.702447 2.453808
199385.696205 1.164681 -5.157621 2.314079
199385.706195 1.331572 -5.824807 2.191056
199385.716189 1.564327 -6.012098 2.197376
199385.726158 1.720455 -5.813675 2.216173
199385.736148 1.907945 -5.351428 2.123114
199385.746165 2.237016 -4.789775 1.805605
199385.756144 2.673887 -4.267079 1.321098
199385.766134 2.967545 -3.982117 0.755985
199385.776141 2.975971 -3.833344 0.206725
199385.786112 2.761595 -3.658857 -0.265621
199385.796102 2.434484 -3.170018 -0.606184
199385.806118 2.135811 -2.589560 -0.740771
199385.816111 1.909785 -2.112991 -0.734260
199385.826101 1.769517 -1.853001 -0.674058
199385.836093 1.765730 -1.640305 -0.558879
199385.846087 1.879457 -1.547306 -0.451735
199385.856077 1.971254 -1.620303 -0.405482
199385.866042 2.005654 -1.758388 -0.320009
199385.876064 2.035233 -1.696540 -0.116163
199385.886054 2.114636 -1.512227 -0.014496
199385.896046 2.243914 -1.206535 -0.107804
199385.906028 2.295340 -0.860761 -0.269705
199385.916018 2.221068 -0.547370 -0.339346
199385.926022 2.186677 -0.450711 -0.237098
199385.936016 2.212438 -0.534606 -0.192192
199385.946006 2.233678 -0.505810 -0.195302
199385.955999 2.074578 -0.391573 -0.098916
199385.965992 1.624225 -0.136002 0.007966
199385.975982 1.013022 0.117842 0.029904
199385.985951 0.510787 0.274269 -0.025558
199385.995968 0.225892 0.469813 -0.216621
199386.005958 0.173516 0.578018 -0.430162
199386.015930 0.271421 0.658126 -0.582269
199386.025945 0.439334 0.861876 -0.715945
199386.035935 0.664802 1.030798 -0.707519
199386.045928 0.944245 0.873529 -0.461016
199386.055921 1.146142 0.609623 -0.157247
199386.065911 1.226652 0.320763 0.102276
199386.075903 1.082074 0.146899 0.302180
199386.085897 0.683765 0.067675 0.289821
199386.095887 0.056183 0.109764 0.032238
199386.105881 -0.692315 0.378910 -0.344249
199386.115873 -1.347403 0.788802 -0.710738
199386.125863 -1.927007 1.284047 -1.164367
199386.135856 -2.430057 1.848715 -1.635801
199386.145849 -2.921682 2.535716 -2.127451
199386.155839 -3.284138 3.122216 -2.592955
199386.165833 -3.390059 3.342922 -2.834454
199386.175803 -3.300440 3.294367 -2.819142
199386.185793 -3.122974 3.026077 -2.646668
199386.195801 -3.089863 2.947576 -2.410810
199386.205803 -3.345850 3.440020 -2.231637
199386.215793 -3.934503 4.038514 -2.153071
199386.225785 -4.318221 4.101829 -2.226162
199386.235778 -4.301780 3.921113 -2.235694
199386.245768 -3.860172 3.266804 -2.035437
199386.255761 -3.295414 2.767216 -1.702397
199386.265753 -2.788241 2.317338 -1.528525
199386.275743 -2.249908 1.803729 -1.555041
199386.285738 -1.621620 1.536128 -1.580106
199386.295730 -0.992208 1.647136 -1.487836
199386.305720 -0.515555 1.910666 -1.385548
199386.315714 -0.460248 2.390468 -1.454637
199386.325707 -0.881298 2.926812 -1.690005
199386.335697 -1.497917 3.282637 -2.004068
199386.345690 -1.899275 3.204388 -2.317221
199386.355683 -1.917722 2.927807 -2.398364
199386.365673 -1.776632 2.712550 -2.195113
199386.375666 -1.514092 2.488230 -1.902818
199386.385660 -1.223754 2.651103 -1.608269
199386.395650 -1.005519 3.107179 -1.356686
199386.405642 -0.983294 4.384499 -1.058997
199386.415636 -1.151687 6.069373 -0.897572
199386.425626 -1.268337 7.123808 -0.905522
199386.435594 -1.233583 7.300456 -0.973635
199386.445600 -0.929015 6.539184 -1.067276
199386.455590 -0.397362 4.434691 -1.075706
199386.465576 -0.081533 2.966346 -0.969853
199386.475589 -0.177183 2.422584 -0.876404
199386.485579 -0.590391 2.747415 -0.816294
199386.495571 -1.079899 3.335659 -0.785303
199386.505564 -1.436890 3.770236 -0.762283
199386.515554 -1.606723 3.936509 -0.773669
199386.525547 -1.644883 3.861912 -0.798364
199386.535540 -1.588047 3.713267 -0.777858
199386.545530 -1.433777 3.359794 -0.670547
199386.555525 -1.156399 2.764375 -0.492319
199386.565518 -0.843194 2.332859 -0.333137
199386.575508 -0.639577 2.261402 -0.171216
199386.585513 -0.596968 2.256268 -0.118772
199386.595482 -0.658209 2.468692 -0.173426
199386.605472 -0.790081 2.810560 -0.264644
199386.615490 -0.924865 3.036507 -0.346275
199386.625482 -0.955214 3.252245 -0.398665
199386.635472 -0.864842 3.338733 -0.434545
199386.645465 -0.661140 3.264048 -0.426214
199386.655437 -0.420006 3.131028 -0.401726
199386.665427 -0.269439 2.999769 -0.395754
199386.675426 -0.255369 2.920060 -0.433026
199386.685417 -0.356645 2.949418 -0.481453
199386.695407 -0.533839 3.082689 -0.521669
199386.705418 -0.732325 3.197811 -0.508645
199386.715385 -0.844291 3.214399 -0.423793
199386.725375 -0.847547 3.223975 -0.352344
199386.735395 -0.772833 3.166858 -0.316830
199386.745384 -0.667121 3.074768 -0.303583
199386.755374 -0.612807 3.086682 -0.305485
199386.765370 -0.620448 3.162150 -0.319382
199386.775352 -0.653581 3.194993 -0.281125
199386.785342 -0.692086 3.229961 -0.165029
199386.795347 -0.716430 3.138443 -0.032875
199386.805322 -0.691091 2.784456 0.077088
199386.815312 -0.603829 2.394545 0.124385
199386.825323 -0.493353 2.103614 0.132318
199386.835289 -0.403829 2.089094 0.167896
199386.845279 -0.319067 2.279785 0.176790
199386.855300 -0.206423 2.416333 0.099409
199386.865288 -0.080679 2.433823 -0.008850
199386.875278 0.021585 2.470356 -0.135340
199386.885276 0.092953 2.507825 -0.276894
199386.895253 0.130353 2.482431 -0.362063
199386.905243 0.162368 2.467665 -0.385392
199386.915235 0.216316 2.193529 -0.354235
199386.925224 0.287831 1.697229 -0.246210
199386.935214 0.358196 1.228581 -0.108325
199386.945204 0.419336 0.618457 0.010321
199386.955192 0.448877 -0.142792 0.149096
199386.965182 0.443840 -0.717012 0.313325
199386.975202 0.418035 -1.072266 0.426271
199386.985192 0.327609 -1.573472 0.514409
199386.995182 0.184121 -1.736723 0.611925
199387.005170 0.090171 -1.684965 0.718186
199387.015159 0.065015 -1.867952 0.799138
199387.025149 0.078052 -1.977419 0.847190
199387.035157 0.111278 -2.055977 0.852663
199387.045128 0.128973 -2.319625 0.880467
199387.055118 0.108483 -2.672727 1.008368
199387.065133 0.063153 -2.900438 1.171362
199387.075120 0.001654 -3.048463 1.309757
199387.085110 -0.066351 -3.146541 1.420394
199387.095109 -0.124543 -3.322222 1.474541
199387.105095 -0.165051 -3.748802 1.514895
199387.115085 -0.189795 -4.087056 1.552117
199387.125085 -0.235190 -4.244637 1.493260
199387.135063 -0.370542 -4.202680 1.340162
199387.145053 -0.610929 -3.916559 1.185553
199387.155042 -0.887616 -3.600810 1.025458
199387.165053 -1.099758 -3.538945 0.912564
199387.175043 -1.282550 -3.733214 0.923518
199387.185038 -1.448338 -3.930578 1.039071
199387.195008 -1.538212 -4.245661 1.223207
199387.204998 -1.529857 -4.632672 1.369362
199387.215014 -1.433378 -4.857738 1.335639
199387.225009 -1.283881 -4.946517 1.137886
199387.234999 -1.088209 -4.738436 0.872070
199387.244991 -0.900775 -4.663292 0.697945
199387.254967 -0.709792 -4.775235 0.757418
199387.264957 -0.491524 -4.744541 0.941801
199387.274967 -0.277479 -4.709634 1.025905
199387.284936 -0.103809 -4.697252 0.991445
199387.294926 -0.004709 -4.671368 0.852142
199387.304943 0.022017 -4.664934 0.644269
199387.314935 0.054942 -4.589341 0.478021
199387.324925 0.181353 -4.431454 0.465760
199387.334919 0.331339 -4.339389 0.516529
199387.344902 0.492906 -4.195165 0.584412
199387.354892 0.573975 -3.819438 0.659423
199387.364896 0.536621 -3.372951 0.673134
199387.374870 0.442463 -3.198952 0.581009
199387.384860 0.342633 -3.307848 0.465391
199387.394870 0.232782 -3.261505 0.432927
199387.404852 0.148960 -2.987468 0.479504
199387.414842 0.125045 -2.809960 0.535934
199387.424825 0.114425 -2.820641 0.518823
199387.434837 0.050276 -2.712457 0.409758
199387.444827 -0.077995 -2.526903 0.291890
199387.454816 -0.128874 -2.613268 0.189279
199387.464788 -0.089994 -2.793927 0.053984
199387.474778 -0.047550 -2.711888 -0.002364
199387.484801 0.019411 -2.652060 0.035252
199387.494774 0.114323 -2.688893 0.062320
199387.504764 0.159952 -3.015208 -0.055882
199387.514765 0.096612 -3.215429 -0.239608
199387.524753 -0.029677 -3.378686 -0.442800
199387.534743 -0.156640 -3.296270 -0.529733
199387.544754 -0.196176 -2.837021 -0.476567
199387.554729 -0.110520 -2.182641 -0.317273
199387.564719 0.083052 -1.651179 -0.132989
199387.574730 0.342272 -1.361934 -0.036958
199387.584696 0.627503 -1.219371 -0.081608
199387.594686 0.891686 -1.161990 -0.225542
199387.604705 1.026030 -1.157248 -0.420159
199387.614695 1.011215 -1.179663 -0.513016
199387.624685 0.883609 -1.290758 -0.476229
199387.634682 0.682890 -1.583966 -0.344826
199387.644676 0.429000 -1.931604 -0.152855
199387.654666 0.131212 -2.199657 0.061330
199387.664658 -0.172107 -2.367795 0.182698
199387.674652 -0.465820 -2.507226 0.127052
199387.684642 -0.690429 -2.569835 -0.001894
199387.694634 -0.835116 -2.652306 -0.041974
199387.704613 -0.980215 -3.017619 0.025668
199387.714603 -1.110803 -3.664653 0.189362
199387.724610 -1.169714 -4.429436 0.369359
199387.734604 -1.202157 -5.104813 0.444942
199387.744594 -1.249204 -5.454876 0.393542
199387.754587 -1.319047 -5.621081 0.258852
199387.764580 -1.344795 -5.524448 0.124352
199387.774570 -1.289974 -5.275408 0.052059
199387.784563 -1.141615 -4.945163 0.032428
199387.794556 -0.928649 -4.457277 0.003473
199387.804546 -0.641154 -3.941449 -0.045430
199387.814540 -0.278784 -3.539108 -0.099349
199387.824533 0.097466 -3.146284 -0.161742
199387.834523 0.387810 -2.909068 -0.251167
199387.844516 0.486731 -2.815123 -0.372338
199387.854509 0.451056 -2.598346 -0.435416
199387.864499 0.325629 -2.306396 -0.380483
199387.874492 0.155554 -2.078400 -0.214814
199387.884485 -0.016667 -1.852531 -0.009690
199387.894475 -0.139727 -1.678580 0.164711
199387.904468 -0.156241 -1.494640 0.306501
199387.914462 -0.162107 -1.301095 0.414204
199387.924452 -0.227230 -1.257748 0.446992
199387.934428 -0.304891 -1.295293 0.386933
199387.944437 -0.337646 -1.389025 0.302531
199387.954427 -0.350068 -1.517769 0.217149
199387.964399 -0.337160 -1.557075 0.171340
199387.974415 -0.272331 -1.483448 0.141751
199387.984405 -0.192643 -1.382119 0.088761
199387.994398 -0.175604 -1.361866 0.006706
199388.004390 -0.239377 -1.405746 -0.092759
199388.014380 -0.317861 -1.537941 -0.163490
199388.024374 -0.326944 -1.734715 -0.192329
199388.034367 -0.264509 -1.980123 -0.229397
199388.044357 -0.188066 -2.290340 -0.255740
199388.054350 -0.156406 -2.602844 -0.207612
199388.064323 -0.208136 -2.824204 -0.062777
199388.074313 -0.311279 -2.953234 0.155436
199388.084326 -0.389061 -2.996029 0.365225
199388.094319 -0.418087 -2.916360 0.479228
199388.104309 -0.373675 -2.783253 0.493284
199388.114302 -0.293168 -2.593644 0.493628
199388.124296 -0.259521 -2.422290 0.534304
199388.134286 -0.295974 -2.346915 0.606678
199388.144279 -0.383419 -2.332360 0.674569
199388.154272 -0.527230 -2.360566 0.742220
199388.164262 -0.628709 -2.269506 0.790854
199388.174255 -0.375729 -0.705332 0.587158
199388.184225 -0.228776 0.218250 0.406471
199388.194215 -0.405702 0.261112 0.284127
199388.204232 -0.581885 -0.002274 0.207647
199388.214208 -0.660746 0.020782 0.114519
199388.224198 -0.684261 0.079139 -0.032771
199388.234208 -0.655394 0.067522 -0.169173
199388.244182 -0.574195 -0.015104 -0.190161
199388.254172 -0.440578 -0.203833 -0.093602
199388.264183 -0.305602 -0.518028 0.045626
199388.274176 -0.177185 -0.773752 0.223225
199388.284166 -0.028960 -0.853935 0.396642
199388.294160 0.115927 -0.870336 0.532716
199388.304154 0.192515 -0.842350 0.655700
199388.314144 0.201888 -0.778479 0.769867
199388.324108 0.168509 -0.667982 0.911584
199388.334130 0.131888 -0.539421 1.052221
199388.344120 0.064773 -0.573682 1.195926
199388.354113 -0.143450 -0.426663 1.343300
199388.364107 -0.339938 -0.280667 1.468325
199388.374097 -0.398716 -0.228772 1.555537
199388.384089 -0.313297 -0.320920 1.666825
199388.394083 -0.128760 -0.430738 1.820132
199388.404073 0.111892 -0.396772 1.972611
199388.414065 0.322460 -0.258718 2.101499
199388.424059 0.391380 -0.151002 2.241518
199388.434049 0.269672 -0.090831 2.413790
199388.444019 0.040202 0.031643 2.556807
199388.454035 -0.224400 0.167768 2.569550
199388.464025 -0.485648 0.268779 2.441516
199388.474016 -0.682815 0.333861 2.197495
199388.484011 -0.789519 0.457773 1.877063
199388.494001 -0.836554 0.585109 1.539820
199388.503980 -0.773820 0.707565 1.192376
199388.513988 -0.634295 0.807987 0.811128
199388.523978 -0.489428 0.897803 0.453367
199388.533972 -0.337282 1.035532 0.217231
199388.543963 -0.183924 1.081853 0.144287
199388.553953 -0.092548 1.163067 0.259869
199388.563947 -0.087455 1.205688 0.515875
199388.573940 -0.104457 1.125942 0.822982
199388.583930 -0.145829 0.998235 1.094787
199388.593915 -0.226690 0.911825 1.288564
199388.603916 -0.334241 0.877374 1.323304
199388.613906 -0.510422 1.039352 1.243629
199388.623900 -0.773193 1.321139 1.126256
199388.633893 -1.074079 1.512375 0.973523
199388.643883 -1.247983 1.636054 0.794664
199388.653876 -1.172288 1.652266 0.629663
199388.663868 -0.938620 1.542586 0.551726
199388.673858 -0.615634 1.475839 0.634159
199388.683851 -0.357975 1.502460 0.906170
199388.693829 -0.218720 1.571155 1.225675
199388.703819 -0.231961 1.701966 1.479471
199388.713828 -0.351812 1.865303 1.682684
199388.723804 -0.505981 2.115704 1.890018
199388.733794 -0.630423 2.417257 2.056948
199388.743787 -0.725519 2.505162 2.142940
199388.753778 -0.821209 2.443074 2.034806
199388.763768 -0.904025 2.372498 1.795535
199388.773756 -0.974742 2.183889 1.389926
199388.783774 -1.034641 1.952759 0.872368
199388.793764 -1.040721 1.928150 0.368908
199388.803754 -0.981200 2.094145 -0.166270
199388.813750 -0.865031 2.179562 -0.644678
199388.823740 -0.710275 2.104646 -0.774146
199388.833723 -0.567524 2.069122 -0.530355
199388.843727 -0.513111 1.946104 -0.054423
199388.853717 -0.584402 1.801327 0.472172
199388.863691 -0.675742 1.595834 0.908021
199388.873680 -0.698624 1.318260 1.179903
199388.883670 -0.696961 1.077938 1.187374
199388.893659 -0.676778 1.147084 0.965608
199388.903679 -0.634416 1.320502 0.614879
199388.913669 -0.587668 1.447143 0.252435
199388.923658 -0.552627 1.554614 -0.041796
199388.933656 -0.505873 1.641955 -0.221851
199388.943646 -0.451519 1.651725 -0.292016
199388.953612 -0.369390 1.604218 -0.219138
199388.963632 -0.325546 1.516163 -0.089895
199388.973622 -0.331690 1.406620 -0.040858
199388.983586 -0.319797 1.339670 -0.049341
199388.993608 -0.269477 1.246288 -0.060861
199389.003598 -0.157372 1.160596 -0.076385
199389.013591 0.004784 1.091050 -0.115161
199389.023585 0.195842 0.978007 -0.200745
199389.033575 0.433904 0.824733 -0.324527
199389.043543 0.717690 0.715234 -0.479045
199389.053561 1.038646 0.655863 -0.636605
199389.063551 1.397630 0.728507 -0.794003
199389.073530 1.763112 0.760766 -0.956705
199389.083537 2.076350 0.800268 -1.090832
199389.093527 2.274420 0.870154 -1.198783
199389.103498 2.368231 0.875817 -1.314643
199389.113513 2.364946 0.934262 -1.430916
199389.123503 2.361168 1.171382 -1.455461
199389.133497 2.411204 1.191783 -1.469114
199389.143490 2.422670 1.310909 -1.555459
199389.153480 2.457690 1.379093 -1.611839
199389.163465 2.556697 1.422016 -1.649815
199389.173465 2.710229 1.387534 -1.664096
199389.183455 2.869204 1.312656 -1.706085
199389.193433 3.066628 1.197529 -1.726579
199389.203443 3.270400 1.088821 -1.689450
199389.213433 3.366425 1.022231 -1.606915
199389.223402 3.333478 0.974264 -1.535593
199389.233394 3.224779 0.973837 -1.507257
199389.243384 3.141751 0.934166 -1.477745
199389.253400 3.083068 0.952026 -1.410799
199389.263389 3.009428 0.983653 -1.334316
199389.273379 2.912485 0.964138 -1.279265
199389.283369 2.786762 0.959382 -1.276600
199389.293371 2.612179 0.895939 -1.292275
199389.303361 2.402339 0.863203 -1.270768
199389.313337 2.270466 0.746783 -1.196668
199389.323348 2.256970 0.586177 -1.103933
199389.333338 2.300895 0.469405 -0.994954
199389.343305 2.315712 0.484384 -0.867966
199389.353303 2.221220 0.712717 -0.562251
199389.363293 1.901914 0.877481 0.029422
199389.373304 1.501554 0.659077 0.555685
199389.383300 1.334953 0.343692 0.757628
199389.393290 1.441078 0.085713 0.777274
199389.403272 1.654865 -0.172920 0.716317
199389.413277 1.910413 -0.501586 0.596874
199389.423267 1.978284 -0.343966 0.454240
199389.433240 1.665904 0.188571 0.269463
199389.443253 1.407177 0.571381 0.082780
199389.453243 1.428261 0.688407 -0.050454
199389.463231 1.641394 0.692432 -0.118877
199389.473229 1.952741 0.605419 -0.100490
199389.483219 2.319750 0.409106 -0.041336
199389.493216 2.605563 0.301792 0.001475
199389.503206 2.654342 0.382823 0.068878
199389.513196 2.512340 0.491793 0.092808
199389.523190 2.214822 0.611797 -0.046046
199389.533181 1.932658 0.574456 -0.271231
199389.543171 1.889769 0.709303 -0.412203
199389.553144 1.988507 0.872374 -0.514175
199389.563158 2.097654 1.118452 -0.538240
199389.573148 2.192092 1.266656 -0.488774
199389.583112 2.245422 1.238166 -0.453350
199389.593134 2.289050 1.248991 -0.387035
199389.603124 2.260889 1.405233 -0.255962
199389.613118 2.187985 1.107251 -0.000291
199389.623110 2.080981 0.797451 0.320297
199389.633100 2.037963 0.476197 0.591027
199389.643076 2.109836 0.248959 0.767318
199389.653087 2.226103 0.203692 0.748613
199389.663077 2.034484 0.219830 0.308361
199389.673050 1.682015 0.645797 -0.147503
199389.683037 1.385905 0.665801 -0.469807
199389.693027 1.015372 0.577092 -0.579109
199389.703017 0.742752 0.531317 -0.667729
199389.713038 0.641499 0.559602 -0.756686
199389.723028 0.672304 0.606504 -0.801352
199389.733000 0.796042 0.559137 -0.832825
199389.742991 0.979572 0.450347 -0.801115
199389.752981 1.156500 0.425540 -0.771565
199389.762972 1.341905 0.410349 -0.696116
199389.772972 1.478212 0.413059 -0.545146
199389.782962 1.523754 0.486663 -0.360430
199389.792972 1.481140 0.445068 -0.166491
199389.802968 1.498928 0.563193 -0.105618
199389.812958 1.690072 0.811748 -0.044007
199389.822933 1.883871 0.833829 0.107207
199389.832944 1.910591 0.776543 0.231045
199389.842934 2.023381 0.842921 0.213393
199389.852927 2.100027 0.902739 0.059063
199389.862921 2.132071 0.901766 -0.091192
199389.872911 2.165804 1.072015 -0.215839
199389.882903 2.134573 1.209064 -0.240502
199389.892897 2.022676 1.188445 -0.107652
199389.902887 1.879040 1.072000 0.051726
199389.912880 1.720591 0.927828 0.139579
199389.922874 1.540877 0.786734 0.120681
199389.932864 1.307791 0.697517 0.030096
199389.942857 1.000044 0.635652 -0.050141
199389.952850 0.687935 0.612054 -0.122929
199389.962840 0.529124 0.658173 -0.264394
199389.972809 0.539781 0.698574 -0.469136
199389.982825 0.652046 0.573505 -0.610517
199389.992815 0.768403 0.509076 -0.713484
199390.002785 0.793943 0.538933 -0.795503
199390.012802 0.723448 0.602461 -0.775536
199390.022792 0.644408 0.659593 -0.682011
199390.032758 0.612270 0.705220 -0.566955
199390.042778 0.617647 0.672292 -0.500803
199390.052768 0.599651 0.615871 -0.453950
199390.062762 0.557072 0.588066 -0.400801
199390.072728 0.538715 0.678390 -0.367813
199390.082718 0.508480 0.832471 -0.339142
199390.092707 0.462587 0.838698 -0.220945
199390.102731 0.439444 0.697200 -0.110118
199390.112721 0.400247 0.601342 -0.085754
199390.122714 0.333229 0.543667 -0.019910
199390.132707 0.250169 0.506136 0.062931
199390.142697 0.175697 0.437808 0.174607
199390.152691 0.067243 0.327865 0.262672
199390.162681 -0.076355 0.216711 0.318591
199390.172671 -0.268978 0.108552 0.379634
199390.182667 -0.575583 -0.018134 0.471124
199390.192643 -0.941717 -0.212038 0.616757
199390.202633 -1.213075 -0.384294 0.768125
199390.212644 -1.361946 -0.525236 0.863485
199390.222619 -1.377785 -0.585909 0.879416
199390.232609 -1.316794 -0.682442 0.853009
199390.242620 -1.294008 -0.842930 0.838172
199390.252613 -1.305294 -1.005691 0.783726
199390.262603 -1.324184 -1.104685 0.699383
199390.272596 -1.365573 -1.161224 0.646944
199390.282589 -1.499624 -1.228774 0.571711
199390.292579 -1.708415 -1.237070 0.501495
199390.302572 -1.916075 -1.278319 0.465415
199390.312566 -2.120433 -1.369525 0.468812
199390.322556 -2.355785 -1.436380 0.539273
199390.332549 -2.607181 -1.489462 0.660863
199390.342522 -2.829878 -1.508407 0.752711
199390.352512 -2.997333 -1.449517 0.786131
199390.362525 -3.130829 -1.323511 0.762100
199390.372519 -3.191870 -1.179160 0.647716
199390.382509 -3.130270 -1.071543 0.512521
199390.392502 -2.913138 -0.954790 0.404652
199390.402484 -2.569267 -0.822632 0.341052
199390.412474 -2.192280 -0.733928 0.328789
199390.422478 -1.841722 -0.729339 0.316413
199390.432470 -1.608529 -0.665665 0.319538
199390.442460 -1.514996 -0.575959 0.341268
199390.452437 -1.508887 -0.464274 0.349828
199390.462447 -1.543291 -0.342119 0.351816
199390.472437 -1.567847 -0.327324 0.373044
199390.482413 -1.548614 -0.361260 0.438188
199390.492419 -1.517833 -0.326029 0.501248
199390.502409 -1.456608 -0.103521 0.539908
199390.512403 -1.344435 0.208503 0.525456
199390.522400 -1.220509 0.525869 0.421459
199390.532390 -1.140051 0.767543 0.256481
199390.542370 -1.131007 1.021689 0.076267
199390.552377 -1.174225 1.287334 -0.062572
199390.562367 -1.190363 1.358506 -0.110637
199390.572359 -1.161676 1.393711 -0.120114
199390.582352 -1.095663 1.421613 -0.160364
199390.592342 -0.964582 1.428500 -0.232335
199390.602336 -0.729181 1.485771 -0.351860
199390.612329 -0.490577 1.544115 -0.488437
199390.622319 -0.353328 1.623360 -0.472920
199390.632312 -0.374504 1.972103 -0.357814
199390.642296 -0.552872 2.550968 -0.281771
199390.652286 -0.802369 3.033831 -0.248695
199390.662288 -1.020803 3.441329 -0.164290
199390.672281 -1.108918 3.705805 -0.006805
199390.682271 -1.000013 3.586116 0.152579
199390.692265 -0.692249 3.205615 0.285074
199390.702256 -0.310735 2.753073 0.320822
199390.712246 0.034577 2.300373 0.306285
199390.722241 0.189333 1.780975 0.271739
199390.732231 0.066364 1.124331 0.162417
199390.742221 -0.298888 0.635793 0.017936
199390.752216 -0.741740 0.483002 -0.045810
199390.762195 -1.053115 0.572154 -0.018334
199390.772185 -1.114515 0.830326 0.015539
199390.782193 -1.016236 1.167806 -0.040570
199390.792168 -0.846254 1.398145 -0.185969
199390.802158 -0.730406 1.553819 -0.373196
199390.812169 -0.857028 1.537293 -0.645717
199390.822142 -1.146542 1.458448 -0.880533
199390.832132 -1.396935 1.474436 -0.980791
199390.842146 -1.535644 1.563191 -1.047508
199390.852135 -1.465225 1.508198 -0.957615
199390.862125 -1.232921 1.468759 -0.792372
199390.872123 -0.895891 1.309572 -0.629886
199390.882116 -0.588600 1.114107 -0.480325
199390.892106 -0.348676 1.021514 -0.369447
199390.902099 -0.201984 1.153975 -0.326158
199390.912071 -0.196223 1.403902 -0.314399
199390.922061 -0.216303 1.331518 -0.281420
199390.932075 -0.168966 1.138183 -0.218292
199390.942039 -0.084519 1.020494 -0.167804
199390.952029 0.013598 0.981546 -0.146056
199390.962050 0.063777 0.943462 -0.152243
199390.972038 0.043521 0.950821 -0.167261
199390.982028 -0.020398 0.947373 -0.177132
199390.992010 -0.086344 0.897133 -0.161414
199391.002006 -0.123452 0.807677 -0.084777
199391.011996 -0.135260 0.816170 0.046364
199391.021987 -0.104924 1.017307 0.169154
199391.031975 -0.056722 1.316351 0.297354
199391.041965 -0.060664 1.591787 0.409333
199391.051954 -0.102057 1.549056 0.296097
199391.061949 -0.182081 1.613577 0.188031
199391.071939 -0.296161 1.656700 0.105419
199391.081957 -0.395848 1.469139 0.097527
199391.091933 -0.416582 1.226614 0.159299
199391.101923 -0.318131 1.043057 0.236511
199391.111933 -0.115339 0.895007 0.301367
199391.121910 0.108652 0.795952 0.342848
199391.131900 0.278407 0.666889 0.322236
199391.141909 0.359603 0.589575 0.280983
199391.151878 0.299045 0.521271 0.266859
199391.161868 0.131934 0.450416 0.261882
199391.171886 -0.042691 0.406112 0.235541
199391.181877 -0.180354 0.501253 0.174161
199391.191867 -0.288387 0.683706 0.087310
199391.201862 -0.391048 0.854475 -0.030451
199391.211845 -0.518135 0.995367 -0.163247
199391.221835 -0.653485 1.035198 -0.311012
199391.231838 -0.754690 1.054963 -0.453300
199391.241808 -0.822022 1.158879 -0.567711
199391.251798 -0.869162 1.273523 -0.630839
199391.261815 -0.899017 1.285096 -0.649098
199391.271784 -0.818206 1.344981 -0.607157
199391.281774 -0.674755 1.483823 -0.508419
199391.291791 -0.537679 1.619444 -0.428907
199391.301770 -0.438723 1.667703 -0.391155
199391.311760 -0.418417 1.642263 -0.385736
199391.321767 -0.481270 1.640943 -0.407335
199391.331749 -0.560220 1.688472 -0.445001
199391.341739 -0.620177 1.806266 -0.462320
199391.351743 -0.625870 1.952993 -0.467675
199391.361717 -0.561354 2.147852 -0.478065
199391.371707 -0.498913 2.313999 -0.459666
199391.381720 -0.478754 2.333240 -0.382785
199391.391710 -0.444484 2.246200 -0.290913
199391.401700 -0.366338 2.089144 -0.227653
199391.411696 -0.273174 1.899173 -0.199528
199391.421684 -0.196179 1.785700 -0.183203
199391.431674 -0.155488 1.702920 -0.169165
199391.441663 -0.149188 1.739103 -0.163805
199391.451652 -0.194322 1.894177 -0.177861
199391.461642 -0.289626 2.090516 -0.218794
199391.471625 -0.369131 2.361356 -0.266060
199391.481621 -0.430454 2.595062 -0.264185
199391.491611 -0.447491 2.575871 -0.190662
199391.501600 0.044453 1.391126 0.025802
199391.511619 0.677495 0.470648 0.155407
199391.521609 0.795143 0.299904 0.134573
199391.531601 0.537320 0.309476 0.008686
199391.541588 0.239269 0.197679 -0.034179
199391.551578 -0.005598 0.103134 0.023442
199391.561577 -0.158075 0.127006 0.113456
199391.571556 -0.210330 0.124695 0.211361
199391.581546 -0.206114 0.135356 0.250843
199391.591612 -0.157173 0.170636 0.221186
199391.601581 -0.072293 0.341090 0.095690
199391.611571 0.029557 0.555195 -0.092663
199391.621587 0.115455 0.752228 -0.258685
199391.631576 0.155506 0.948030 -0.360906
199391.641566 0.188938 1.217202 -0.378893
199391.651564 0.273757 1.378127 -0.334801
199391.661556 0.418633 1.377663 -0.257390
199391.671546 0.575359 1.325139 -0.175663
199391.681509 0.693682 1.292664 -0.107965
199391.691513 0.787406 1.300495 -0.058503
199391.701503 0.856456 1.380531 -0.039010
199391.711516 0.897625 1.537015 -0.049500
199391.721488 0.921770 1.685983 -0.070727
199391.731478 0.881652 1.952752 -0.020765
199391.741493 0.730339 1.947902 0.014856
199391.751463 0.508191 1.736448 -0.025554
199391.761453 0.217134 1.414087 -0.216648
199391.771470 -0.015848 1.304638 -0.411760
199391.781452 -0.156409 1.280665 -0.474221
199391.791442 -0.249614 1.060161 -0.495951
199391.801445 -0.310974 0.880204 -0.478081
199391.811409 -0.358537 0.709888 -0.397224
199391.821399 -0.419850 0.495922 -0.302559
199391.831422 -0.499920 0.114922 -0.216509
199391.841388 -0.663559 -0.087753 -0.109480
199391.851378 -0.858246 -0.239500 0.034748
199391.861398 -1.035169 -0.246557 0.156655
199391.871388 -1.145047 -0.206573 0.210585
199391.881378 -1.207135 -0.076042 0.129262
199391.891374 -1.205434 0.123851 -0.011520
199391.901350 -1.126060 0.349599 -0.059177
199391.911340 -1.038942 0.441414 -0.005476
199391.921351 -0.976070 0.422545 0.079052
199391.931343 -0.948504 0.460959 0.162364
199391.941333 -0.930854 0.637567 0.206172
199391.951305 -0.842684 1.196179 0.080694
199391.961319 -0.588932 1.645845 -0.348063
199391.971309 -0.150144 1.389086 -0.762174
199391.981296 0.317417 1.050661 -0.771924
199391.991296 0.674391 0.979857 -0.450428
199392.001286 0.907526 0.998954 -0.108126
199392.011270 1.027691 1.069652 0.022510
199392.021273 1.048650 1.220726 -0.031796
199392.031263 1.006744 1.378984 -0.124766
199392.041257 0.965868 1.535139 -0.136671
199392.051249 0.958035 1.672303 -0.074840
199392.061239 0.971590 1.772341 0.018013
199392.071233 1.198660 1.281980 0.125632
199392.081226 1.465856 1.797754 0.184369
199392.091216 1.445062 2.058154 -0.023703
199392.101209 1.254833 1.898893 -0.232500
199392.111182 0.915553 1.664629 -0.316072
199392.121172 0.426879 1.496788 -0.296818
199392.131186 -0.051285 1.373669 -0.210323
199392.141179 -0.401950 1.406306 -0.171282
199392.151169 -0.563681 1.317392 -0.187969
199392.161162 -0.496248 1.192184 -0.169552
199392.171156 -0.253110 1.104905 -0.120523
199392.181146 0.027040 1.129434 -0.066002
199392.191139 0.254902 1.188840 -0.036235
199392.201132 0.412487 1.237321 -0.047298
199392.211122 0.483869 1.250355 -0.094991
199392.221115 0.469260 1.139686 -0.157984
199392.231108 0.425660 1.118227 -0.224298
199392.241098 0.413875 1.157508 -0.293677
199392.251090 0.733225 0.832349 -0.169665
199392.261084 0.972029 1.182137 -0.034255
199392.271074 0.682771 1.386211 -0.064280
199392.281067 0.283171 1.431357 -0.249432
199392.291034 -0.031410 1.553425 -0.369160
199392.301024 -0.265031 1.656709 -0.353086
199392.311044 -0.392953 1.661537 -0.264035
199392.321033 -0.395985 1.577539 -0.172321
199392.331023 -0.242523 1.548402 -0.073543
199392.341020 0.040858 1.545312 0.049254
199392.350994 0.413998 1.415005 0.303621
199392.360984 0.754776 1.451513 0.514123
199392.370997 0.998597 1.485505 0.721013
199392.380989 1.053591 1.613382 0.908969
199392.390979 0.974002 1.860898 1.147552
199392.400973 0.805110 2.016618 1.440150
199392.410966 0.563998 2.092275 1.660979
199392.420956 0.247417 2.109124 1.805758
199392.430949 0.018975 2.247552 1.943447
199392.440943 -0.069689 2.333338 1.961203
199392.450933 -0.181152 2.195675 1.812471
199392.460925 -0.223103 1.966825 1.617103
199392.470919 -0.212788 1.716915 1.417690
199392.480909 -0.173724 1.467130 1.259997
199392.490902 -0.126361 1.288650 1.195133
199392.500895 -0.057107 1.287867 1.211427
199392.510885 0.039603 1.371223 1.304633
199392.520868 0.213133 1.424035 1.345901
199392.530871 0.483461 1.570779 1.251057
199392.540861 0.772786 1.821774 0.999506
199392.550832 0.915773 1.860476 0.396419
199392.560847 0.917831 1.948673 0.099914
199392.570837 0.739004 1.922376 -0.138697
199392.580820 0.442979 1.857371 -0.205018
199392.590809 0.194007 1.716000 -0.227409
199392.600799 0.050582 1.546345 -0.223754
199392.610808 0.137410 1.766816 -0.235116
199392.620801 0.364642 2.057006 -0.100822
199392.630791 0.555847 2.226937 0.234904
199392.640756 0.584111 2.343070 0.666997
199392.650756 0.452576 2.463859 1.007751
199392.660746 0.281556 2.650369 1.141418
199392.670755 0.137709 2.662539 1.075745
199392.680753 0.161686 2.490310 0.868924
199392.690743 0.378631 2.286937 0.607461
199392.700723 0.716658 2.243554 0.325182
199392.710729 1.076160 2.117332 0.128320
199392.720719 1.320621 1.948150 0.072828
199392.730713 1.347461 1.860004 0.112405
199392.740706 1.122868 1.743222 0.223442
199392.750696 0.690793 1.503324 0.354929
199392.760690 0.214154 1.202614 0.411563
199392.770682 -0.116489 0.907789 0.404822
199392.780672 -0.228690 0.611710 0.394743
199392.790658 -0.172076 0.560886 0.369384
199392.800635 -0.076195 0.577209 0.322862
199392.810625 0.016900 0.436128 0.244327
199392.820627 0.120030 0.538613 0.187170
199392.830627 0.248816 0.994302 0.324247
199392.840617 0.329644 1.419005 0.636042
199392.850595 0.308352 1.768868 0.978333
199392.860588 0.170171 2.020392 1.170803
199392.870578 -0.007951 2.095177 1.148715
199392.880594 -0.152419 1.948871 0.988110
199392.890588 -0.265398 1.570865 0.813770
199392.900578 -0.361339 1.199304 0.627770
199392.910562 -0.343425 0.905808 0.365460
199392.920564 -0.150282 0.843777 0.117763
199392.930554 0.086962 1.004222 0.057976
199392.940519 0.204431 1.303539 0.170472
199392.950541 0.140906 1.529837 0.353659
199392.960531 -0.029866 1.615327 0.495858
199392.970505 -0.204888 1.714600 0.544179
199392.980517 -0.329777 1.809798 0.508452
199392.990507 -0.450739 1.629569 0.390610
199393.000497 -0.508945 1.066764 0.281564
199393.010493 -0.280247 0.817753 0.185473
199393.020483 0.139457 0.877903 0.124327
199393.030457 0.448470 0.869575 0.154438
199393.040470 0.521575 0.601899 0.199543
199393.050460 0.477144 0.049809 0.189749
199393.060442 0.541794 -0.215812 0.085494
199393.070424 0.680380 -0.217415 -0.036576
199393.080414 0.690262 -0.318420 -0.115463
199393.090407 0.518234 -0.538190 -0.195124
199393.100423 0.270303 -0.649807 -0.317771
199393.110413 0.048630 -0.615624 -0.409374
199393.120403 -0.145307 -0.608959 -0.426197
199393.130399 -0.295489 -0.632955 -0.426835
199393.140389 -0.426336 -0.707930 -0.480722
199393.150364 -0.555920 -0.848849 -0.599666
199393.160375 -0.687051 -1.222660 -0.720753
199393.170365 -0.762190 -1.827012 -0.853337
199393.180337 -0.757655 -2.352330 -0.900253
199393.190352 -0.639382 -2.776159 -0.904022
199393.200342 -0.347227 -2.830319 -1.023307
199393.210307 -0.005696 -2.599292 -1.164777
199393.220327 0.082825 -2.615973 -1.243330
199393.230317 -0.131961 -2.781679 -1.321039
199393.240311 -0.513861 -3.004432 -1.466655
199393.250305 -0.880564 -3.327100 -1.669803
199393.260295 -1.087509 -3.632099 -1.814677
199393.270287 -1.056452 -3.694716 -1.813479
199393.280274 -0.791518 -3.173574 -1.517966
199393.290264 -0.416332 -3.309141 -1.068402
199393.300263 0.009928 -2.987241 -0.633549
199393.310257 0.301181 -2.783929 -0.238735
199393.320247 0.425488 -2.703595 0.083907
199393.330240 0.385913 -2.679250 0.260795
199393.340233 0.219385 -2.554438 0.243023
199393.350223 0.023057 -2.411708 0.063002
199393.360216 -0.202987 -2.310577 -0.145944
199393.370186 -0.449569 -2.111670 -0.260049
199393.380176 -0.645336 -1.805125 -0.251279
199393.390193 -0.420599 -1.365009 -0.137260
199393.400165 -0.142305 -1.444709 -0.112613
199393.410155 -0.339291 -1.448752 -0.372633
199393.420169 -0.310627 -1.352999 -0.642360
199393.430163 -0.117328 -1.490515 -0.824995
199393.440153 0.013250 -1.698453 -0.947101
199393.450145 0.017989 -1.874977 -1.016412
199393.460139 -0.017844 -2.035692 -1.002700
199393.470129 -0.095777 -1.999818 -0.884638
199393.480117 -0.252972 -1.824922 -0.639987
199393.490116 -0.425213 -1.596918 -0.404998
199393.500106 -0.571719 -1.409252 -0.291492
199393.510099 -0.720592 -1.513019 -0.377454
199393.520093 -0.908164 -1.896632 -0.515846
199393.530083 -1.024519 -2.206589 -0.673134
199393.540076 -1.025340 -2.278936 -0.800063
199393.550069 -0.939010 -2.277540 -0.849826
199393.560059 -0.797420 -2.234428 -0.809760
199393.570052 -0.614769 -2.005040 -0.714054
199393.580045 -0.377736 -1.791386 -0.618118
199393.590035 -0.164882 -1.699070 -0.570282
199393.600027 -0.075205 -1.754026 -0.637097
199393.610021 -0.154675 -1.956361 -0.515845
199393.620011 -0.254363 -2.249066 0.005295
199393.629980 -0.306397 -2.324770 0.030671
199393.639997 -0.375110 -2.128301 0.082645
199393.649987 0.064900 -1.650170 -0.062671
199393.659982 0.257780 -2.094952 0.001073
199393.669974 0.112702 -2.436910 -0.090208
199393.679964 -0.060633 -2.573722 -0.101612
199393.689956 -0.178724 -2.647570 -0.101048
199393.699951 -0.210858 -2.566896 -0.169446
199393.709941 -0.107250 -2.223023 -0.260729
199393.719934 0.213426 -1.776172 -0.262562
199393.729898 0.135054 -1.941347 -0.391955
199393.739888 -0.061179 -1.856016 -0.474916
199393.749910 -0.317177 -2.148447 -0.605065
199393.759904 -0.515626 -2.461895 -0.651775
199393.769894 -0.591262 -2.485571 -0.567836
199393.779887 -0.535209 -2.344942 -0.431072
199393.789879 -0.399269 -2.188049 -0.316366
199393.799869 -0.277740 -2.231137 -0.214523
199393.809842 -0.258044 -2.460725 -0.097116
199393.819856 -0.323855 -2.592812 0.060459
199393.829846 -0.419659 -2.652718 0.169911
199393.839839 -0.468411 -2.760314 0.183568
199393.849831 -0.445356 -3.033516 0.194330
199393.859821 -0.333128 -3.596675 0.192667
199393.869816 -0.243073 -4.242868 0.199443
199393.879810 -0.174448 -4.843417 0.215727
199393.889800 -0.100233 -5.125979 0.245904
199393.899792 0.075516 -4.695631 0.353315
199393.909767 0.281645 -3.622874 0.414998
199393.919757 0.349006 -2.871827 0.452623
199393.929769 0.334240 -2.501825 0.426966
199393.939746 0.261558 -1.951314 0.249608
199393.949736 0.180887 -1.561476 -0.192302
199393.959744 0.219706 -1.678380 -0.527050
199393.969729 0.333008 -2.275526 -0.376185
199393.979719 0.470964 -2.984164 0.041433
199393.989721 0.669809 -3.737244 0.376116
199393.999714 0.780232 -4.000535 0.349917
199394.009704 0.761149 -3.980480 0.056522
199394.019697 0.584205 -3.915306 -0.143683
199394.029691 0.357551 -4.050187 -0.081719
199394.039681 0.007914 -4.476877 0.203706
199394.049674 -0.501861 -5.261444 0.762563
199394.059666 -0.655424 -5.745773 1.306937
199394.069656 -0.089459 -4.856756 0.793117
199394.079650 0.597931 -3.088886 0.232893
199394.089635 0.720917 -2.431189 0.303818
199394.099625 0.664335 -2.386753 0.298245
199394.109625 0.738338 -2.142949 0.246299
199394.119620 0.975689 -2.028227 0.201445
199394.129610 1.321713 -2.304442 0.009858
199394.139604 1.613510 -2.613856 -0.248089
199394.149597 1.827539 -2.945893 -0.426372
199394.159587 1.771969 -2.899303 -0.337013
199394.169556 1.393123 -2.254249 -0.279953
199394.179572 0.834478 -1.690771 -0.370848
199394.189562 0.244355 -1.320961 -0.469346
199394.199534 -0.154901 -1.029050 -0.445441
199394.209548 -0.386143 -1.046957 -0.317365
199394.219538 -0.475727 -1.039840 -0.196153
199394.229533 -0.502267 -1.079292 -0.195200
199394.239521 -0.577194 -1.359282 -0.247785
199394.249511 -0.704425 -1.621379 -0.202464
199394.259509 -0.808508 -1.784462 -0.066384
199394.269489 -0.884073 -1.847471 0.071952
199394.279479 -0.935629 -1.703029 0.168795
199394.289485 -0.959419 -1.565941 0.178295
199394.299457 -0.942724 -1.415945 0.134637
199394.309447 -0.872103 -1.099840 0.093343
199394.319461 -0.774713 -0.836798 0.054296
199394.329449 -0.667291 -0.745993 -0.004976
199394.339439 -0.487242 -0.721895 -0.070340
199394.349438 -0.217824 -0.616653 -0.268648
199394.359424 0.065305 -0.424196 -0.621554
199394.369414 0.331872 -0.002107 -0.967061
199394.379415 0.567431 0.447526 -1.238038
199394.389397 0.753540 0.622631 -1.392969
199394.399387 0.966979 0.477813 -1.327001
199394.409391 1.183184 0.040618 -1.066904
199394.419366 1.321687 -0.450033 -0.703677
199394.429356 1.441403 -0.682337 -0.289331
199394.439368 1.567017 -0.705140 0.066380
199394.449353 1.724138 -0.531104 0.353964
199394.459343 1.909765 -0.246365 0.615006
199394.469344 2.041910 -0.300012 0.849152
199394.479313 1.182586 -0.508710 0.753771
199394.489303 0.692745 -1.519799 0.938334
199394.499321 -0.030814 -1.150399 1.329905
199394.509296 -1.106594 -0.904783 1.391466
199394.519286 -1.885263 -0.602664 1.524685
199394.529297 -2.521197 -0.246847 1.481456
199394.539264 -3.036057 -0.119229 1.245685
199394.549254 -3.298032 -0.139467 1.049384
199394.559273 -3.313723 -0.233139 0.934124
199394.569263 -3.106983 -0.237636 0.907271
199394.579253 -2.729122 -0.085109 0.957941
199394.589249 -2.237216 0.064672 0.958966
199394.599231 -1.657514 0.063777 0.869702
199394.609221 -0.987837 -0.118608 0.752020
199394.619227 -0.246185 -0.542090 0.675172
199394.629200 0.519114 -1.053733 0.629354
199394.639190 1.151975 -1.410686 0.429386
199394.649182 1.581846 -1.518593 0.054702
199394.659168 1.791301 -1.329541 0.021463
199394.669158 1.716203 -1.137349 0.079809
199394.679156 1.475033 -0.985194 0.030789
199394.689167 1.251140 -0.910616 -0.085355
199394.699157 1.007918 -0.776564 -0.200513
199394.709143 0.833948 -0.654977 -0.236448
199394.719135 0.705769 -0.524696 -0.261523
199394.729125 0.592928 -0.554938 -0.322799
199394.739132 0.552600 -0.606160 -0.392300
199394.749103 0.587781 -0.601781 -0.450813
199394.759093 0.655859 -0.541974 -0.516652
199394.769108 0.722981 -0.527896 -0.572897
199394.779101 0.807328 -0.597741 -0.560807
199394.789091 0.848008 -0.692198 -0.466774
199394.799061 0.807975 -0.911375 -0.284558
199394.809070 0.638063 -1.185294 -0.061297
199394.819060 0.361717 -1.474569 -0.003812
199394.829062 0.066937 -1.619314 -0.028531
199394.839038 -0.033086 -1.690942 0.054238
199394.849028 -0.010516 -1.789722 0.160993
199394.859037 0.079083 -1.830832 0.180572
199394.869007 0.134516 -1.838057 0.168008
199394.878997 -0.103647 -1.598705 0.061405
199394.888998 -0.453788 -1.323642 -0.030740
199394.899002 -0.901423 -0.892576 0.155084
199394.908992 -1.674522 -0.285207 0.403522
199394.918991 -2.191897 0.385849 0.345868
199394.928986 -2.506653 1.006652 0.209079
199394.938976 -2.748494 1.410852 0.240054
199394.948967 -2.862961 1.567811 0.363295
199394.958954 -2.850123 1.528539 0.457210
199394.968944 -2.728234 1.366319 0.434261
199394.978943 -2.800868 1.878573 0.355029
199394.988910 -2.765724 1.533013 -0.009602
199394.998900 -2.006448 1.260662 0.137612
199395.008919 -1.389610 1.282299 0.253293
199395.018909 -0.883637 0.932318 0.194643
199395.028899 -0.413727 0.505641 0.191302
199395.038896 -0.143811 -0.051572 0.183910
199395.048877 0.024713 -0.527328 0.100360
199395.058867 0.088002 -0.670667 -0.026298
199395.068873 -0.047372 -0.635072 -0.104735
199395.078848 -0.345120 -0.450167 -0.109198
199395.088838 -0.742356 -0.117833 -0.066085
199395.098849 -1.218542 0.257781 -0.040372
199395.108823 -1.712768 0.614168 -0.067000
199395.118813 -2.023246 1.189310 -0.006451
199395.128825 -2.169813 1.405683 0.084656
199395.138795 -2.174718 1.244016 0.049436
199395.148785 -2.093195 1.044399 -0.035548
199395.158792 -2.006392 0.856511 -0.082111
199395.168767 -1.968480 0.620572 -0.135282
199395.178757 -2.016937 0.408745 -0.190954
199395.188760 -2.156920 0.152953 -0.248081
199395.198749 -2.320348 -0.101870 -0.303175
199395.208739 -2.450676 -0.405449 -0.249335
199395.218740 -2.571276 -0.787653 -0.079196
199395.228748 -2.694384 -1.027359 0.132532
199395.238738 -2.927055 -0.896399 0.241404
199395.248731 -3.256520 -0.414892 0.385067
199395.258716 -3.541320 0.093390 0.569450
199395.268706 -3.682161 0.569267 0.696849
199395.278708 -3.672439 0.926631 0.773689
199395.288683 -3.465862 0.976381 0.801232
199395.298673 -3.017854 0.788880 0.781802
199395.308674 -2.440466 0.424304 0.750120
199395.318676 -1.873837 0.109654 0.675729
199395.328666 -1.435623 0.029485 0.525066
199395.338661 -1.146662 -0.007696 0.312974
199395.348653 -0.969439 -0.100623 0.091874
199395.358643 -0.873406 -0.132169 -0.018645
199395.368637 -0.852469 0.016793 -0.016421
199395.378620 -0.890432 0.267627 0.066615
199395.388610 -1.024267 0.502133 0.174842
199395.398613 -1.255866 0.632032 0.276253
199395.408588 -1.562794 0.639329 0.344277
199395.418578 -1.880018 0.507273 0.389859
199395.428590 -2.000182 -0.073756 0.683723
199395.438558 -2.032103 -0.529009 0.742245
199395.448548 -2.139802 -0.502847 0.769520
199395.458566 -2.271252 -0.373604 0.899087
199395.468560 -2.301423 -0.264162 1.023752
199395.478550 -2.195785 -0.328602 1.047666
199395.488542 -1.967518 -0.395784 0.901444
199395.498536 -1.406982 -0.344721 0.526251
199395.508526 -1.109948 -0.647696 0.417650
199395.518519 -0.846401 -0.759404 0.259845
199395.528512 -0.587503 -0.705252 0.046560
199395.538502 -0.427129 -0.880126 -0.162881
199395.548496 -0.208424 -0.923995 -0.479798
199395.558489 0.003711 -0.927442 -0.646353
199395.568479 0.134710 -0.905646 -0.630863
199395.578473 0.145165 -0.837531 -0.571089
199395.588466 0.105684 -0.824915 -0.521126
199395.598456 -0.001715 -0.926352 -0.455455
199395.608438 0.041193 -1.093070 -0.192891
199395.618442 -0.099752 -0.577845 -0.055893
199395.628432 -0.542740 0.131844 0.095822
199395.638408 -1.101713 0.787886 0.197981
199395.648419 -1.548537 1.360338 0.183289
199395.658409 -1.829164 1.520848 0.157567
199395.668394 -2.003571 1.395717 0.100295
199395.678395 -2.069427 1.334812 -0.009845
199395.688385 -2.050979 1.210455 -0.054565
199395.698378 -2.007978 1.050063 -0.010654
199395.708371 -1.982555 1.093785 0.070516
199395.718361 -1.978782 1.271413 0.160128
199395.728341 -2.001482 1.402120 0.153634
199395.738349 -1.981172 0.962996 0.090786
199395.748339 -1.898201 0.187015 -0.000597
199395.758331 -1.774290 -0.329348 -0.162199
199395.768325 -1.395970 -0.767035 -0.205393
199395.778315 -0.951498 -0.825869 -0.190706
199395.788300 -0.348153 -0.505489 -0.159341
199395.798301 0.042041 0.274474 -0.214205
199395.808291 -0.341721 0.362240 -0.320361
199395.818277 -0.876778 0.410098 -0.252238
199395.828277 -1.055649 0.300982 0.013650
199395.838267 -0.899518 0.061295 0.092173
199395.848257 -0.690506 -0.001678 0.075994
199395.858254 -0.566939 0.003082 0.123450
199395.868244 -0.597142 0.152898 0.109457
199395.878238 -0.607830 0.163493 0.122211
199395.888232 -0.596528 0.316687 0.192656
199395.898222 -0.723778 0.473592 0.308376
199395.908214 -0.960474 0.519451 0.368167
199395.918193 -1.147638 0.378323 0.331106
199395.928183 -1.245048 0.142904 0.269894
199395.938190 -1.292633 0.002338 0.246225
199395.948183 -1.266019 0.021574 0.199408
199395.958173 -1.061555 0.513664 0.105355
199395.968167 -0.907592 0.728027 0.113477
199395.978160 -0.928786 0.683277 0.104854
199395.988150 -0.925181 0.525899 0.075003
199395.998142 -0.840404 0.307149 -0.028099
199396.008137 -0.876371 0.224033 -0.133846
199396.018127 -1.023080 0.087333 -0.121672
199396.028120 -1.182921 0.080327 -0.066888
199396.038113 -1.364607 0.280606 0.016603
199396.048103 -1.408654 0.412308 0.076147
199396.058096 -1.332977 0.414723 0.017806
199396.068089 -1.239390 0.077975 -0.064995
199396.078079 -1.090407 -0.251111 -0.161426
199396.088073 -1.016910 -0.235936 -0.187778
199396.098066 -1.056678 -0.111660 -0.122883
199396.108056 -1.173219 0.034640 -0.062581
199396.118025 -1.334683 0.245633 0.014597
199396.128042 -1.438418 0.366485 0.164548
199396.138032 -1.460995 0.429157 0.250847
199396.147999 -1.369646 0.543309 0.255503
199396.158013 -1.265184 0.529899 0.244214
199396.168003 -1.101005 0.509270 0.177716
199396.177977 -0.851174 0.331592 0.079582
199396.187995 -0.537071 0.015929 -0.006548
199396.197985 -0.285091 -0.169184 -0.101473
199396.207952 -0.122660 -0.352510 -0.121051
199396.217971 -0.038109 -0.505298 -0.102561
199396.227961 -0.020821 -0.612619 -0.042759
199396.237955 -0.024606 -0.815729 0.021219
199396.247948 -0.036003 -0.944449 0.016903
199396.257938 -0.006881 -0.651904 -0.022435
199396.267923 -0.007295 -0.489200 -0.007502
199396.277925 -0.103224 -0.471513 -0.036708
199396.287915 -0.224871 -0.385883 -0.115086
199396.297891 -0.284617 -0.347849 -0.155870
199396.307885 -0.348589 -0.350209 -0.065481
199396.317875 -0.343398 -0.363926 0.277986
199396.327859 -0.387020 0.003880 0.437794
199396.337878 -0.483460 0.243795 0.317928
199396.347868 -0.530392 0.292487 0.168405
199396.357850 -0.596607 0.361333 0.127594
199396.367847 -0.554460 0.538044 0.191771
199396.377837 -0.401405 0.663110 0.331080
199396.387827 -0.211391 0.512880 0.389482
199396.397831 0.012284 0.139434 0.308301
199396.407821 0.082388 -0.170836 0.174204
199396.417794 0.000054 -0.448757 0.008528
199396.427807 -0.121037 -0.556701 -0.212773
199396.437797 -0.220815 -0.702796 -0.248396
199396.447786 -0.301118 -0.566977 -0.152742
199396.457784 -0.477964 -0.190129 0.021432
199396.467774 -0.748594 0.192725 0.199475
199396.477762 -1.039157 0.463825 0.313436
199396.487761 -1.251600 0.625675 0.301869
199396.497751 -1.385036 0.737843 0.224508
199396.507730 -1.422104 0.658989 0.167820
199396.517736 -1.363133 0.531591 0.074209
199396.527726 -1.272032 0.343702 -0.044865
199396.537698 -1.205265 0.061104 -0.034985
199396.547713 -1.203556 -0.210041 0.035415
199396.557703 -1.305436 -0.391207 0.118175
199396.567697 -1.515385 -0.402648 0.249541
199396.577690 -1.597918 -0.238112 0.398515
199396.587680 -1.408260 -0.241598 0.433452
199396.597701 -1.116686 -0.504170 0.386692
199396.607696 -0.782420 -0.775103 0.243052
199396.617686 -0.550653 -0.958190 0.071245
199396.627680 -0.545002 -1.061351 -0.059923
199396.637673 -0.678238 -1.025751 -0.151150
199396.647663 -0.822477 -0.859385 -0.202958
199396.657632 -0.906124 -0.648098 -0.192645
199396.667649 -0.919441 -0.441842 -0.163901
199396.677639 -0.844139 -0.300110 -0.172112
199396.687630 -0.680919 -0.365403 -0.229016
199396.697626 -0.522125 -0.371155 -0.255006
199396.707616 -0.403153 -0.229239 -0.228901
199396.717599 -0.325931 -0.010923 -0.196572
199396.727602 -0.243174 0.119159 -0.136490
199396.737592 -0.168512 0.076937 -0.074310
199396.747567 -0.179490 0.190697 0.001373
199396.757579 -0.219427 0.393650 0.008671
199396.767569 -0.294180 0.455035 0.032886
199396.777535 -0.363147 0.335660 0.042191
199396.787555 -0.346625 0.132600 -0.017470
199396.797545 -0.327971 -0.066205 -0.101654
199396.807534 -0.276669 -0.117058 -0.159033
199396.817531 -0.303290 -0.113987 -0.210343
199396.827521 -0.473647 -0.159339 -0.241999
199396.837502 -0.695332 -0.136833 -0.251473
199396.847493 -0.896756 -0.120626 -0.260862
199396.857483 -1.027398 -0.293414 -0.233687
199396.867470 -1.016903 -0.664490 -0.185649
199396.877460 -0.993861 -0.940872 -0.133291
199396.887450 -0.989320 -1.062070 -0.083143
199396.897462 -0.974374 -1.067335 -0.112944
199396.907462 -0.929584 -1.069299 -0.177817
199396.917452 -0.885883 -1.064883 -0.227761
199396.927438 -0.885030 -0.970248 -0.276820
199396.937438 -0.931024 -0.893875 -0.307946
199396.947428 -0.992931 -0.851586 -0.308208
199396.957406 -1.026991 -0.868734 -0.297687
199396.967391 -1.038529 -0.947465 -0.270006
199396.977381 -1.067269 -0.970961 -0.211465
199396.987374 -1.087655 -0.936985 -0.099559
199396.997391 -1.131415 -0.924378 -0.017616
199397.007381 -1.183370 -1.029860 -0.002906
199397.017373 -1.188249 -1.180919 -0.143719
199397.027367 -1.168821 -1.248939 -0.299361
199397.037357 -1.116620 -1.218987 -0.429263
199397.047342 -1.054073 -1.066700 -0.551655
199397.057344 -1.032409 -0.764627 -0.640087
199397.067334 -1.076043 -0.344774 -0.718130
199397.077329 -1.086314 -0.073645 -0.714971
199397.087320 -1.068433 0.007262 -0.651965
199397.097310 -1.078000 -0.016154 -0.581610
199397.107304 -1.050977 -0.187232 -0.492969
199397.117296 -1.025821 -0.458286 -0.431003
199397.127286 -1.026269 -0.714558 -0.384077
199397.137276 -1.061074 -0.864629 -0.346896
199397.147274 -1.160197 -0.856514 -0.333451
199397.157264 -1.267859 -0.842054 -0.322176
199397.167243 -1.397775 -0.876599 -0.308862
199397.177250 -1.486929 -1.017326 -0.307109
199397.187240 -1.455340 -1.287312 -0.332576
199397.197213 -1.274483 -1.584362 -0.404340
199397.207227 -1.000451 -2.524367 -0.331723
199397.217217 -0.747627 -2.664759 -0.210125
199397.227197 -0.747162 -1.164265 -0.131179
199397.237203 -0.674843 -0.681190 -0.143666
199397.247193 -0.761548 -0.962260 -0.074708
199397.257158 -0.888377 -0.950007 -0.077380
199397.267179 -1.013597 -0.726132 -0.096042
199397.277169 -1.066208 -0.540279 -0.228522
199397.287141 -1.014147 -0.891015 -0.301899
199397.297156 -0.914703 -1.022490 -0.338809
199397.307146 -0.815750 -0.967857 -0.327722
199397.317116 -0.653933 -0.922531 -0.264105
199397.327132 -0.528141 -0.957107 -0.207041
199397.337122 -0.518425 -1.017669 -0.154737
199397.347114 -0.633370 -1.076609 -0.126428
199397.357092 -0.935228 -0.954459 -0.120243
199397.367082 -1.259633 -0.760091 -0.134419
199397.377087 -1.336104 -0.862481 -0.118746
199397.387063 -1.212369 -0.923653 -0.074490
199397.397053 -1.031433 -0.849544 -0.034256
199397.407068 -0.812935 -0.879502 -0.006663
199397.417040 -0.647493 -0.995812 0.010037
199397.427030 -0.627691 -1.245632 0.017585
199397.437045 -0.773000 -1.527999 0.091627
199397.447021 -1.035855 -1.691713 0.243032
199397.457011 -1.404713 -1.652737 0.406787
199397.467022 -1.866825 -1.385510 0.532819
199397.477015 -2.269547 -0.989394 0.573776
199397.487005 -2.438451 -0.756137 0.500532
199397.496999 -2.384997 -0.804868 0.390899
199397.506992 -2.176856 -0.916798 0.230726
199397.516982 -1.953460 -1.163719 0.072749
199397.526976 -1.665221 -1.385876 0.101703
199397.536968 -1.134155 -1.612315 0.384472
199397.546958 -0.755447 -1.372584 0.436214
199397.556952 -0.497038 -1.187553 0.546107
199397.566945 -0.331046 -1.093311 0.538281
199397.576935 -0.343027 -0.983835 0.510499
199397.586929 -0.640950 -0.757421 0.648960
199397.596922 -0.912472 -0.836132 0.660605
199397.606912 -1.170919 -1.060441 0.824827
199397.616904 -1.399548 -1.299491 1.095836
199397.626899 -1.606344 -1.303462 1.277345
199397.636889 -1.752618 -1.179635 1.245794
199397.646858 -1.802044 -0.976771 1.051465
199397.656875 -1.737076 -0.913834 0.795758
199397.666865 -1.487250 -1.078765 0.645361
199397.676858 -1.135302 -1.210279 0.666054
199397.686852 -0.782518 -1.276887 0.823275
199397.696842 -0.461541 -1.425483 1.069955
199397.706834 -0.245904 -1.636174 1.331119
199397.716827 -0.160119 -1.891001 1.525602
199397.726817 -0.192734 -2.084637 1.663052
199397.736811 -0.320484 -2.142557 1.722238
199397.746805 -0.480237 -2.175097 1.729025
199397.756795 -0.626279 -2.140600 1.680408
199397.766788 -0.757544 -2.016760 1.465466
199397.776764 -0.853486 -1.931094 1.121614
199397.786754 -0.945082 -1.878377 0.775648
199397.796764 -1.075213 -1.784304 0.572442
199397.806758 -1.291645 -1.733063 0.570457
199397.816748 -1.767593 -1.483955 0.752958
199397.826742 -2.236014 -1.698450 0.992017
199397.836734 -2.374381 -2.217906 1.156746
199397.846724 -2.302534 -2.405835 1.185848
199397.856718 -2.060685 -2.369806 1.064217
199397.866710 -1.694124 -2.334363 0.858855
199397.876700 -1.276541 -2.254048 0.675042
199397.886695 -0.901646 -2.152627 0.520912
199397.896663 -0.617297 -2.071760 0.417595
199397.906653 -0.521663 -1.961852 0.396670
199397.916671 -0.625260 -1.873993 0.435695
199397.926664 -0.777531 -1.929880 0.510776
199397.936654 -0.939564 -1.911374 0.560218
199397.946647 -1.061062 -1.900164 0.555436
199397.956622 -1.086543 -1.934298 0.541461
199397.966612 -1.022762 -1.872367 0.535333
199397.976624 -0.900356 -1.824019 0.556119
199397.986617 -0.754479 -1.790461 0.594070
199397.996607 -0.626898 -1.681477 0.615945
199398.006600 -0.529800 -1.730012 0.592892
199398.016593 -0.479633 -1.758531 0.561107
199398.026583 -0.584768 -1.459089 0.484935
199398.036571 -0.565342 -1.561094 0.504215
199398.046571 -0.276295 -1.711959 0.689964
199398.056561 -0.288743 -1.438691 0.775241
199398.066554 -0.428345 -1.411626 0.672255
199398.076547 -0.592762 -1.688795 0.574493
199398.086537 -0.736319 -1.815901 0.628278
199398.096530 -0.856792 -1.808914 0.726960
199398.106524 -0.903917 -1.718705 0.757692
199398.116514 -0.918092 -1.575219 0.685105
199398.126484 -0.990870 -1.417100 0.534407
199398.136500 -1.060409 -1.287665 0.443452
199398.146490 -1.068149 -1.170726 0.421022
199398.156481 -1.001164 -1.116221 0.435173
199398.166451 -0.904369 -1.054149 0.464383
199398.176441 -0.792768 -0.943107 0.469125
199398.186460 -0.669874 -1.086175 0.472845
199398.196429 -0.558412 -1.350510 0.507447
199398.206419 -0.465286 -1.523469 0.525973
199398.216436 -0.279973 -1.495069 0.567291
199398.226428 0.071339 -1.381989 0.635981
199398.236418 0.212114 -1.406979 0.513920
199398.246413 0.088874 -1.509613 0.300076
199398.256396 -0.061136 -1.581487 0.197044
199398.266386 -0.129385 -1.561553 0.205287
199398.276390 -0.132547 -1.587073 0.263936
199398.286365 -0.088982 -1.556037 0.354783
199398.296355 -0.057169 -1.511226 0.435980
199398.306367 -0.064784 -1.458074 0.481812
199398.316360 -0.127745 -1.417919 0.469812
199398.326350 -0.222594 -1.409794 0.459810
199398.336343 -0.316361 -1.413355 0.476477
199398.346307 -0.396405 -1.364754 0.490003
199398.356297 -0.488366 -1.231138 0.468282
199398.366320 -0.569776 -1.054943 0.443406
199398.376300 -0.622267 -0.941371 0.432518
199398.386290 -0.646847 -0.917005 0.455879
199398.396296 -0.647040 -0.847874 0.495343
199398.406268 -0.590600 -0.843383 0.541447
199398.416258 -0.494368 -0.989732 0.609050
199398.426273 -0.421642 -1.107467 0.660554
199398.436241 -0.351168 -1.176295 0.707783
199398.446231 -0.311548 -1.262262 0.749548
199398.456249 -0.298597 -1.339824 0.809332
199398.466235 -0.311324 -1.380264 0.892472
199398.476225 -0.336155 -1.269745 0.986228
199398.486226 -0.394438 -0.998775 1.116108
199398.496203 -0.534441 -0.844062 1.175245
199398.506193 -0.755817 -0.945972 1.171103
199398.516202 -1.048489 -1.081139 1.143193
199398.526178 -1.294358 -1.186340 1.128282
199398.536168 -1.391229 -1.227133 1.146002
199398.546180 -1.300156 -0.996016 1.114393
199398.556171 -1.155759 -0.788076 1.107543
199398.566161 -1.082471 -0.700575 1.138787
199398.576155 -1.045253 -0.669588 1.134679
199398.586140 -0.982510 -0.595993 1.014420
199398.596130 -0.891968 -0.555258 0.867615
199398.606109 -0.756462 -0.611098 0.782862
199398.616107 -0.618678 -0.731790 0.730117
199398.626097 -0.532014 -0.863319 0.678220
199398.636087 -0.441007 -1.017175 0.578345
199398.646074 -0.369107 -1.204068 0.496520
199398.656064 -0.354014 -1.264634 0.449653
199398.666085 -0.404192 -1.209558 0.368379
199398.676074 -0.473326 -1.252381 0.329688
199398.686064 -0.581131 -1.190056 0.386827
199398.696053 -0.590158 -1.025218 0.567045
199398.706042 -0.561710 -0.954846 0.859415
199398.716032 -0.621288 -1.034785 1.074613
199398.726039 -0.687212 -1.111588 1.180992
199398.736011 -0.772495 -1.102349 1.214761
199398.746001 -0.900324 -1.115623 1.207818
199398.756016 -1.001664 -1.055433 1.133793
199398.766000 -1.024588 -0.808849 0.991841
199398.775990 -1.057406 -0.437888 0.838115
199398.785992 -1.109239 -0.144618 0.742971
199398.795978 -1.237729 0.102646 0.754160
199398.805968 -1.371342 0.260572 0.801591
199398.815968 -1.410873 0.296578 0.833421
199398.825946 -1.457832 0.328291 0.825756
199398.835936 -1.449183 0.285779 0.788461
199398.845944 -1.472570 0.262293 0.796894
199398.855914 -1.577057 0.262970 0.921243
199398.865904 -1.638472 0.084102 1.043639
199398.875922 -1.562926 -0.312230 1.114351
199398.885890 -1.425656 -0.667919 1.134129
199398.895880 -1.118768 -0.668824 1.115168
199398.905898 -0.926140 -0.586156 1.173583
199398.915867 -0.754758 -0.525910 1.212710
199398.925857 -0.510654 -0.545163 1.119886
199398.935875 -0.254851 -0.547364 0.984448
199398.945855 0.010484 -0.503829 0.738125
199398.955845 0.232045 -0.425377 0.487350
199398.965851 0.375830 -0.373792 0.356770
199398.975818 0.493171 -0.427555 0.362601
199398.985808 0.542496 -0.570894 0.460936
199398.995829 0.489730 -0.800769 0.590835
199399.005817 0.373006 -1.023452 0.735394
199399.015807 0.287851 -1.079064 0.836358
199399.025805 0.274879 -1.025919 0.941897
199399.035786 0.237439 -0.990947 1.059064
199399.045776 0.273628 -0.985472 1.110414
199399.055776 0.289359 -0.881200 1.091284
199399.065753 0.265593 -0.730317 0.984524
199399.075743 0.328305 -0.636527 0.823735
199399.085757 0.400509 -0.526718 0.779246
199399.095729 0.495221 -0.486982 0.823380
199399.105719 0.597358 -0.440827 0.903809
199399.115718 0.606931 -0.464146 1.053173
199399.125720 0.502773 -0.603826 1.224451
199399.135710 0.363505 -0.756418 1.351850
199399.145712 0.223103 -0.873932 1.441913
199399.155689 0.104977 -0.942452 1.485141
199399.165679 -0.024013 -0.915323 1.468594
199399.175684 -0.239223 -0.900266 1.333288
199399.185657 -0.067361 -0.988950 1.156962
199399.195647 -0.002264 -0.578244 1.034585
199399.205665 -0.004255 -0.625054 0.987645
199399.215628 -0.154416 -0.662867 1.015805
199399.225618 -0.254327 -0.758978 0.996181
199399.235641 -0.185750 -0.904400 0.960206
199399.245615 -0.030979 -1.001627 0.912866
199399.255605 0.078897 -1.028865 0.799206
199399.265617 0.252481 -0.965460 0.681552
199399.275592 0.376799 -0.813973 0.623419
199399.285582 0.422170 -0.646822 0.680143
199399.295594 0.417559 -0.527713 0.781452
199399.305588 0.364354 -0.578940 0.895351
199399.315578 0.205596 -0.612503 1.047200
199399.325571 0.072654 -0.732112 1.143694
199399.335560 0.029169 -0.824787 1.204305
199399.345550 0.036789 -0.892810 1.223535
199399.355547 0.074192 -0.942633 1.253558
199399.365517 0.110399 -0.956285 1.365705
199399.375507 0.049718 -1.012844 1.539302
199399.385524 -0.036331 -1.139705 1.656261
199399.395495 -0.124635 -1.212347 1.746546
199399.405485 -0.206581 -1.259456 1.781395
199399.415501 -0.219468 -1.207415 1.722677
199399.425468 -0.150489 -1.052998 1.510719
199399.435458 -0.052848 -0.835750 1.199690
199399.445478 0.073069 -0.419534 0.880250
199399.455468 0.252516 -0.517809 0.499169
199399.465458 0.116160 -0.488633 0.285270
199399.475454 -0.088786 -0.333145 0.230004
199399.485429 -0.210444 -0.260254 0.236954
199399.495419 -0.303833 -0.422252 0.289886
199399.505404 -0.423956 -0.559882 0.413099
199399.515423 -0.427918 -0.706614 0.547472
199399.525413 -0.277171 -0.930363 0.659037
199399.535407 -0.136215 -1.069085 0.744962
199399.545399 -0.032955 -1.034637 0.767800
199399.555389 0.055400 -1.002379 0.777775
199399.565384 0.179070 -1.029533 0.779367
199399.575366 0.288924 -1.080126 0.826763
199399.585356 0.334881 -1.147984 0.889887
199399.595359 0.359245 -1.097897 0.926255
199399.605353 0.380345 -1.005307 0.883682
199399.615343 0.428333 -0.990266 0.730296
199399.625319 0.532649 -0.914388 0.565417
199399.635330 0.675268 -0.825585 0.446565
199399.645320 0.803295 -0.884631 0.419377
199399.655313 0.866617 -1.073656 0.455908
199399.665307 0.884984 -1.187351 0.519981
199399.675297 0.893664 -1.267050 0.608545
199399.685290 0.883198 -1.353215 0.660763
199399.695284 0.801084 -1.332268 0.690279
199399.705274 0.598354 -1.230979 0.737415
199399.715266 0.414231 -1.328471 0.793162
199399.725261 0.232154 -1.398299 0.880915
199399.735251 0.088418 -1.461591 0.974164
199399.745244 -0.028998 -1.393984 1.048328
199399.755237 -0.047539 -1.226036 1.061050
199399.765227 0.046006 -1.124653 0.998519
199399.775220 0.189766 -1.064559 0.873272
199399.785214 0.340091 -1.074621 0.757652
199399.795204 0.426513 -1.115754 0.737753
199399.805196 0.423562 -1.221035 0.772937
199399.815189 0.363336 -1.438194 0.842008
199399.825179 0.234684 -1.569483 0.941720
199399.835173 0.131251 -1.548616 0.988211
199399.845166 0.119653 -1.609262 1.045758
199399.855156 0.106232 -1.807078 1.173690
199399.865149 0.039347 -1.945537 1.380325
199399.875119 -0.026844 -1.941489 1.615762
199399.885109 -0.034700 -1.810686 1.754387
199399.895127 0.051059 -1.599777 1.798485
199399.905115 0.085462 -1.309311 1.863696
199399.915105 0.083589 -1.003036 1.943687
199399.925104 0.043521 -0.771341 2.070444
199399.935098 -0.030528 -0.592944 2.229054
199399.945088 -0.040723 -0.366459 2.305809
199399.955080 0.003631 -0.211019 2.324131
199399.965074 -0.042175 -0.217581 2.332469
199399.975064 -0.219836 -0.346944 2.412774
199399.985057 -0.463369 -0.576501 2.609058
199399.995050 -0.677091 -0.811238 2.880130
199400.005040 -0.811038 -0.994605 3.177139
199400.015004 -0.846022 -1.118035 3.438306
199400.025026 -0.811985 -1.125303 3.595241
199400.035016 -0.700332 -1.040838 3.630914
199400.045010 -0.463919 -0.960170 3.501794
199400.055003 -0.157290 -0.814379 3.266314
199400.064993 0.073653 -0.650820 3.005980
199400.074987 0.168061 -0.434628 2.773865
199400.084980 0.124070 -0.280651 2.609424
199400.094970 -0.059033 -0.334572 2.538250
199400.104948 -0.263396 -0.417278 2.509649
199400.114958 -0.375861 -0.593212 2.425974
199400.124948 -0.408847 -0.586994 2.303175
199400.134927 -0.404522 -0.574264 2.112273
199400.144934 -0.388202 -0.675265 1.943819
199400.154924 -0.364434 -0.777293 1.802061
199400.164895 -0.313104 -0.829222 1.694552
199400.174910 -0.158317 -0.926457 1.615214
199400.184900 0.046588 -1.038380 1.533955
199400.194885 0.278691 -0.941773 1.421883
199400.204886 0.556455 -0.780119 1.297206
199400.214876 0.815354 -0.758892 1.247110
199400.224851 0.993594 -0.884715 1.289463
199400.234851 1.070468 -0.969451 1.403915
199400.244841 1.056560 -0.975851 1.548913
199400.254830 0.977489 -0.911269 1.666970
199400.264841 0.847456 -0.911770 1.743213
199400.274831 0.687939 -1.048510 1.797997
199400.284823 0.512406 -1.164057 1.813249
199400.294816 0.327942 -1.105254 1.769802
199400.304806 0.154826 -0.883722 1.656009
199400.314800 -0.008914 -0.562211 1.467595
199400.324792 -0.143742 -0.299069 1.287837
199400.334782 -0.231416 -0.153765 1.158407
199400.344747 -0.278564 -0.035930 1.097412
199400.354754 -0.325730 0.073417 1.113212
199400.364744 -0.378148 0.140222 1.191918
199400.374753 -0.433754 0.194265 1.316475
199400.384728 -0.491487 0.242987 1.460221
199400.394718 -0.534309 0.300269 1.575232
199400.404731 -0.500712 0.489703 1.626573
199400.414723 -0.356599 0.799744 1.675186
199400.424713 -0.117398 1.001706 1.757266
199400.434707 0.141104 1.150580 1.861826
199400.444700 0.420814 1.341011 1.964343
199400.454690 0.687724 1.544143 2.029475
199400.464683 0.927929 1.796056 1.983568
199400.474676 1.071623 1.960266 1.467947
199400.484666 1.117575 2.023045 0.885780
199400.494637 0.960530 1.850032 0.440340
199400.504653 0.769699 1.858878 0.593119
199400.514643 0.778288 2.150424 1.137124
199400.524637 0.832192 2.258129 1.475466
199400.534630 0.805622 2.201699 1.621476
199400.544620 0.740578 2.207835 1.680929
199400.554613 0.690338 2.267190 1.703115
199400.564607 0.671391 2.182032 1.663569
199400.574597 0.632703 1.909616 1.553543
199400.584563 0.550354 1.640199 1.376134
199400.594583 0.478544 1.418676 1.191305
199400.604573 0.436361 1.281280 1.002337
199400.614541 0.427096 1.197176 0.771911
199400.624560 0.495566 1.133587 0.540750
199400.634550 0.628887 1.119185 0.355728
199400.644536 0.807537 1.276205 0.291426
199400.654537 0.974163 1.529977 0.349733
199400.664527 1.063058 1.750488 0.466373
199400.674508 1.054391 1.785574 0.577262
199400.684514 0.995119 1.615205 0.632472
199400.694504 0.914716 1.387310 0.618262
199400.704476 0.839681 1.159416 0.521947
199400.714470 0.829681 0.922204 0.399243
199400.724460 0.874861 0.780914 0.251176
199400.734444 0.946407 0.741826 0.138420
199400.744467 0.994496 0.689906 0.119425
199400.754457 0.994657 0.613356 0.180221
199400.764443 0.969147 0.570740 0.267574
199400.774443 0.893588 0.515163 0.357913
199400.784433 0.774315 0.483853 0.378738
199400.794411 0.668942 0.457884 0.278029
199400.804420 0.609611 0.359766 0.088988
199400.814410 0.623890 0.234284 -0.136004
199400.824382 0.750854 0.209218 -0.340252
199400.834379 0.955019 0.403541 -0.475907
199400.844369 1.089687 0.679485 -0.544661
199400.854378 0.893346 0.386237 -0.645759
199400.864357 0.985519 0.599285 -0.654964
199400.874347 0.785703 0.828177 -0.681409
199400.884334 0.579660 0.967745 -0.594822
199400.894336 0.479206 1.062015 -0.481122
199400.904326 0.450324 1.090633 -0.399116
199400.914316 0.479049 1.100328 -0.359530
199400.924328 0.605177 0.937075 -0.329131
199400.934318 0.769967 0.645313 -0.260171
199400.944283 0.897430 0.379971 -0.257499
199400.954303 0.930858 0.241835 -0.358686
199400.964293 0.942255 0.392858 -0.466362
199400.974264 0.927713 0.671410 -0.482420
199400.984280 0.914957 0.652226 -0.446210
199400.994270 0.937707 0.501315 -0.437582
199401.004250 0.981586 0.434483 -0.486460
199401.014257 1.056828 0.597487 -0.480806
199401.024247 1.206305 0.909656 -0.515365
199401.034219 1.355582 1.301579 -0.548858
199401.044230 1.350521 1.626955 -0.580874
199401.054220 1.192291 1.852810 -0.653006
199401.064217 1.103682 1.935383 -0.729110
199401.074211 1.094228 1.886422 -0.755815
199401.084201 1.178547 1.829335 -0.752258
199401.094176 1.277905 1.712773 -0.692107
199401.104187 1.402384 1.774965 -0.624382
199401.114177 1.540639 1.882920 -0.634460
199401.124148 1.552459 1.841497 -0.624810
199401.134165 1.378270 1.603678 -0.553024
199401.144155 1.134277 1.583578 -0.485799
199401.154149 0.884712 1.660227 -0.414330
199401.164140 0.679927 1.731731 -0.370402
199401.174130 0.528516 1.773662 -0.372112
199401.184121 0.461500 1.723420 -0.347865
199401.194117 0.502302 1.584295 -0.273031
199401.204107 0.682458 1.532933 -0.175206
199401.214089 0.913439 1.603011 -0.041966
199401.224073 1.046939 1.873692 0.119661
199401.234063 1.038998 2.451144 0.324420
199401.244057 0.922291 3.064312 0.510586
199401.254071 0.786913 3.489163 0.622008
199401.264061 0.690649 3.619597 0.698395
199401.274026 0.660014 3.513134 0.700397
199401.284048 0.638053 3.349279 0.690703
199401.294038 0.616545 2.601584 0.566878
199401.304010 0.686068 1.254477 0.395437
199401.314024 0.905282 0.548148 0.245970
199401.324014 1.199382 0.566310 0.135227
199401.333993 1.356438 0.827469 0.115632
199401.344001 1.320336 1.203770 0.109083
199401.353991 1.207874 1.433020 0.121407
199401.363955 1.132975 1.551830 0.147755
199401.373950 1.097628 1.614443 0.202002
199401.383940 1.061247 1.655796 0.301041
199401.393960 0.970370 1.757545 0.403049
199401.403940 0.791628 1.634558 0.481217
199401.413930 0.585706 1.301971 0.560333
199401.423928 0.396540 1.112977 0.504064
199401.433908 0.313451 1.123254 0.406651
199401.443898 0.323095 1.115831 0.335230
199401.453896 0.377715 1.041564 0.150940
199401.463908 0.401399 0.974626 0.001716
199401.473898 0.416461 0.938503 -0.105947
199401.483891 0.474049 0.935522 -0.188897
199401.493884 0.655369 0.875619 -0.242524
199401.503874 0.907399 0.657556 -0.275586
199401.513862 1.062310 0.079667 -0.325064
199401.523862 1.108716 -0.567781 -0.389937
199401.533852 1.119599 -0.662376 -0.370693
199401.543815 1.103938 -0.375305 -0.321693
199401.553838 1.000853 -0.076876 -0.230400
199401.563828 0.914155 0.058919 -0.132640
199401.573798 0.912309 -0.055936 -0.127316
199401.583815 0.968559 -0.377942 -0.198542
199401.593853 1.040353 -0.531858 -0.232370
199401.603839 1.074324 -0.483866 -0.219426
199401.613817 1.088831 -0.324291 -0.198031
199401.623807 1.116092 -0.148717 -0.191514
199401.633815 1.163986 -0.117698 -0.235040
199401.643816 1.215747 -0.345084 -0.327617
199401.653806 1.227651 -0.825721 -0.416099
199401.663783 1.205502 -1.319261 -0.531391
199401.673793 1.170002 -1.595907 -0.601940
199401.683783 1.122996 -1.539744 -0.639470
199401.693752 1.063865 -1.328363 -0.646119
199401.703769 0.998348 -1.132943 -0.586666
199401.713759 0.945847 -1.041669 -0.465296
199401.723753 0.955211 -0.979918 -0.323398
199401.733747 0.892638 -1.120509 -0.206339
199401.743737 0.824427 -1.132455 -0.112768
199401.753730 0.702000 -1.189289 -0.049293
199401.763723 0.489358 -1.386857 0.006331
199401.773713 0.241656 -1.623912 0.055406
199401.783706 0.008703 -1.794975 0.108811
199401.793700 -0.198921 -1.871290 0.178323
199401.803690 -0.357569 -1.933583 0.253377
199401.813683 -0.444809 -1.997723 0.306336
199401.823677 -0.469209 -2.041420 0.310498
199401.833667 -0.459581 -2.050959 0.280674
199401.843659 -0.491874 -1.914979 0.253873
199401.853652 -0.433202 -1.514903 0.246661
199401.863642 -0.357597 -1.069033 0.241654
199401.873636 -0.365503 -0.882977 0.204291
199401.883607 -0.374248 -0.779880 0.129593
199401.893597 -0.404863 -0.876795 0.043068
199401.903613 -0.445767 -1.124749 -0.021105
199401.913579 -0.463323 -1.342824 -0.043580
199401.923569 -0.464161 -1.439591 -0.014787
199401.933589 -0.485644 -1.390735 0.084316
199401.943582 -0.545757 -1.245248 0.241919
199401.953572 -0.594070 -1.123120 0.356908
199401.963567 -0.593016 -1.122048 0.375044
199401.973546 -0.511663 -1.258918 0.316725
199401.983536 -0.397347 -1.361634 0.226549
199401.993543 -0.297211 -1.337856 0.156579
199402.003515 -0.253696 -1.266437 0.142899
199402.013505 -0.287075 -1.131512 0.163024
199402.023521 -0.354563 -0.997780 0.210736
199402.033513 -0.407172 -0.849101 0.260644
199402.043503 -0.426837 -0.663073 0.297893
199402.053497 -0.417671 -0.497140 0.316066
199402.063473 -0.390299 -0.365167 0.318317
199402.073463 -0.385250 -0.253489 0.316207
199402.083474 -0.406840 -0.146165 0.337448
199402.093466 -0.436975 -0.032493 0.368253
199402.103456 -0.462748 0.043973 0.384143
199402.113439 -0.472373 0.062008 0.364903
199402.123443 -0.443603 0.074868 0.299963
199402.133433 -0.378682 0.119772 0.227711
199402.143428 -0.312757 0.188078 0.163996
199402.153421 -0.234057 0.258564 0.111001
199402.163411 -0.158450 0.286504 0.064392
199402.173384 -0.113655 0.274978 0.036851
199402.183398 -0.119964 0.241987 0.034691
199402.193388 -0.156058 0.187609 0.037736
199402.203381 -0.200864 0.208698 0.037546
199402.213374 -0.230799 0.250050 0.031020
199402.223364 -0.226560 0.262823 0.012906
199402.233357 -0.205111 0.210798 -0.001936
199402.243351 -0.155847 0.116345 -0.027326
199402.253341 -0.106665 0.056982 -0.064448
199402.263334 -0.071465 0.044359 -0.074965
199402.273327 -0.055457 0.033789 -0.071697
199402.283317 -0.057581 0.030591 -0.069573
199402.293310 -0.075620 0.000743 -0.070717
199402.303304 -0.080955 0.001788 -0.061140
199402.313294 -0.072478 0.020963 -0.062170
199402.323288 -0.059742 0.042280 -0.069582
199402.333280 -0.035355 0.092355 -0.079078
199402.343270 -0.011007 0.157320 -0.084306
199402.353264 -0.005779 0.194563 -0.072551
199402.363244 -0.006842 0.191371 -0.060823
199402.373234 -0.006634 0.107364 -0.055490
199402.383241 -0.009787 0.088212 -0.048038
199402.393224 -0.011965 0.106282 -0.043780
199402.403214 0.002878 0.138241 -0.055449
199402.413218 0.013460 0.171244 -0.074603
199402.423192 0.019873 0.165950 -0.087375
199402.433182 0.027364 0.155343 -0.098009
199402.443188 0.039937 0.242590 -0.107554
199402.453175 0.055703 0.330914 -0.116019
199402.463165 0.070420 0.414978 -0.135154
199402.473172 0.064942 0.475569 -0.138377
199402.483157 0.035317 0.389318 -0.126771
199402.493147 0.005034 0.142486 -0.125836
199402.503148 -0.001899 -0.065973 -0.133334
199402.513128 0.000376 -0.126574 -0.117326
199402.523118 0.001345 -0.094659 -0.084257
199402.533125 -0.003300 0.054204 -0.065076
199402.543119 -0.011307 0.273235 -0.065108
199402.553109 -0.026593 0.425235 -0.090769
