199382.041989 19.048828 189.782669 -570.447327
199382.051790 20.283478 188.900772 -569.942749
199382.061568 19.048828 189.782669 -570.447327
199382.071366 18.872452 189.959045 -569.942749
199382.081162 18.166931 189.253540 -570.279114
199382.090958 19.930710 189.253540 -570.279114
199382.100755 19.754333 187.313385 -569.774597
199382.110582 19.048828 188.724396 -570.110962
199382.120377 19.930710 189.606293 -569.942749
199382.130173 19.577957 188.195267 -570.279114
199382.139950 18.166931 188.548019 -569.942749
199382.149780 18.872452 188.195267 -569.942749
199382.159561 19.577957 189.253540 -570.279114
199382.169358 20.636230 189.253540 -569.942749
199382.179177 19.225204 189.606293 -571.288208
199382.188972 20.459854 188.724396 -570.110962
199382.198764 19.930710 188.548019 -570.615479
199382.208572 18.872452 188.900772 -570.279114
199382.218372 20.107101 189.782669 -569.774597
199382.228173 19.754333 188.724396 -569.774597
199382.237974 20.459854 189.782669 -570.447327
199382.247772 19.930710 189.959045 -569.942749
199382.257577 19.577957 188.900772 -570.951843
199382.267363 19.754333 188.018890 -570.110962
199382.277147 20.283478 188.195267 -570.615479
199382.286973 19.401581 189.782669 -569.438232
199382.296763 19.577957 190.311798 -570.279114
199382.306565 20.283478 188.900772 -570.951843
199382.316356 18.343307 189.429916 -569.774597
199382.326156 18.519699 188.195267 -570.279114
199382.335953 19.401581 190.135422 -569.774597
199382.345764 19.930710 189.606293 -568.933716
199382.355545 20.107101 189.429916 -569.774597
199382.365342 19.048828 188.371643 -569.438232
199382.375157 19.401581 190.488174 -570.447327
199382.384950 19.754333 188.371643 -570.447327
199382.394747 20.107101 188.724396 -569.774597
199382.404556 20.812607 189.782669 -571.119995
199382.414357 20.812607 190.135422 -570.110962
199382.424140 20.812607 189.782669 -570.783691
199382.433960 20.107101 190.135422 -570.447327
199382.443763 18.872452 188.195267 -569.270081
199382.453537 18.872452 189.253540 -569.942749
199382.463351 20.459854 188.724396 -570.447327
199382.473153 20.283478 188.900772 -568.933716
199382.482946 20.283478 190.311798 -570.279114
199382.492743 19.577957 189.253540 -571.624512
199382.502548 20.812607 189.782669 -570.783691
199382.512346 19.225204 188.900772 -569.270081
199382.522133 19.577957 189.253540 -570.279114
199382.531937 20.107101 190.135422 -569.438232
199382.541734 20.459854 189.077164 -570.447327
199382.551529 19.577957 189.606293 -570.615479
199382.561355 18.519699 189.606293 -570.951843
199382.571152 20.107101 188.018890 -569.438232
199382.580948 19.401581 188.371643 -570.447327
199382.590745 19.754333 188.371643 -570.783691
199382.600522 19.754333 188.018890 -571.119995
199382.610351 19.754333 189.077164 -569.774597
199382.620128 19.754333 188.018890 -569.774597
199382.629930 20.812607 189.429916 -569.438232
199382.639746 20.283478 190.311798 -570.279114
199382.649529 18.519699 188.900772 -570.951843
199382.659347 20.107101 190.840942 -570.110962
199382.669147 19.225204 189.253540 -571.288208
199382.678928 20.107101 188.724396 -570.110962
199382.688746 19.225204 189.606293 -570.615479
199382.698545 20.107101 189.429916 -571.456360
199382.708329 19.754333 189.429916 -570.783691
199382.718140 18.166931 188.900772 -569.606445
199382.727937 19.577957 188.548019 -569.606445
199382.737732 19.754333 188.371643 -569.774597
199382.747535 20.812607 189.782669 -569.438232
199382.757309 19.225204 187.136993 -569.606445
199382.767129 19.577957 188.195267 -570.615479
199382.776922 19.225204 188.548019 -569.942749
199382.786730 19.401581 190.488174 -569.774597
199382.796521 19.577957 188.900772 -570.615479
199382.806321 21.694489 188.900772 -570.279114
199382.816117 19.225204 190.311798 -569.270081
199382.825922 20.283478 188.900772 -569.942749
199382.835723 20.636230 188.548019 -570.951843
199382.845505 20.459854 188.724396 -570.783691
199382.855324 20.988983 188.548019 -571.288208
199382.865128 21.341736 189.606293 -570.951843
199382.874925 19.930710 188.548019 -569.270081
199382.884718 20.459854 188.724396 -569.101929
199382.894520 18.872452 190.311798 -570.615479
199382.904305 19.577957 189.253540 -570.615479
199382.914113 19.930710 188.900772 -569.942749
199382.923915 20.459854 190.488174 -570.447327
199382.933700 19.048828 189.782669 -570.783691
199382.943517 19.048828 188.724396 -571.119995
199382.953322 21.165359 189.782669 -571.792725
199382.963090 20.988983 187.842514 -571.288208
199382.972917 19.930710 188.195267 -570.279114
199382.982711 21.694489 189.253540 -571.288208
199382.992509 20.812607 190.840942 -570.110962
199383.002304 18.519699 189.253540 -569.270081
199383.012100 20.283478 189.253540 -570.951843
199383.021898 19.577957 189.606293 -570.279114
199383.031691 17.814178 189.606293 -569.942749
199383.041489 20.283478 188.548019 -571.624512
199383.051011 20.107101 189.077164 -570.447327
199383.060805 20.812607 189.077164 -569.774597
199383.070603 20.636230 188.195267 -571.288208
199383.080397 19.577957 188.900772 -569.606445
199383.090192 19.930710 190.311798 -569.606445
199383.099991 19.401581 190.488174 -570.783691
199383.109818 19.930710 188.900772 -570.951843
199383.119618 19.930710 187.842514 -570.279114
199383.129388 18.872452 189.606293 -571.288208
199383.139205 19.930710 187.842514 -570.951843
199383.149011 19.577957 189.959045 -569.606445
199383.158800 19.754333 189.782669 -570.783691
199383.168610 22.047256 189.606293 -572.633545
199383.178418 19.930710 189.606293 -570.951843
199383.188207 20.107101 190.488174 -570.110962
199383.198021 18.872452 188.548019 -569.270081
199383.207824 19.930710 187.842514 -571.624512
199383.217625 19.225204 188.548019 -571.288208
199383.227422 19.930710 189.253540 -570.615479
199383.237199 20.107101 188.371643 -571.119995
199383.247021 19.930710 189.959045 -569.942749
199383.256815 19.401581 187.666138 -570.110962
199383.266617 19.225204 188.900772 -570.615479
199383.276422 19.577957 189.606293 -571.288208
199383.286210 18.872452 190.311798 -567.924683
199383.296005 19.754333 191.193695 -570.447327
199383.305802 19.577957 189.606293 -571.288208
199383.315598 20.812607 189.782669 -571.119995
199383.325424 20.459854 190.840942 -570.783691
199383.335221 19.401581 190.135422 -572.465393
199383.345017 19.577957 189.253540 -571.624512
199383.354813 18.696075 188.371643 -570.110962
199383.364609 20.636230 189.253540 -568.933716
199383.374405 19.754333 189.077164 -568.765564
199383.384200 19.225204 188.900772 -569.942749
199383.393998 19.577957 188.195267 -569.270081
199383.403808 20.988983 189.606293 -569.942749
199383.413621 19.930710 188.900772 -569.606445
199383.423412 18.519699 188.195267 -569.942749
199383.433212 19.225204 188.548019 -570.615479
199383.443004 19.930710 188.548019 -570.615479
199383.452827 20.812607 189.077164 -571.792725
199383.462620 19.930710 189.959045 -571.288208
199383.472423 20.283478 190.311798 -569.606445
199383.482230 19.225204 189.606293 -569.270081
199383.492026 21.341736 188.195267 -571.624512
199383.501827 19.225204 188.900772 -570.951843
199383.511633 20.283478 187.489761 -569.606445
199383.521428 18.872452 189.959045 -571.288208
199383.531223 19.754333 189.077164 -570.447327
199383.541027 20.283478 188.900772 -570.279114
199383.550831 19.225204 188.195267 -568.597412
199383.560624 19.754333 191.546448 -570.110962
199383.570427 19.048828 189.429916 -569.774597
199383.580231 19.930710 191.017319 -570.279114
199383.590010 19.930710 188.548019 -570.615479
199383.599821 19.577957 189.606293 -570.951843
199383.609635 18.872452 189.253540 -570.951843
199383.619420 18.696075 189.429916 -571.456360
199383.629224 19.048828 188.018890 -571.456360
199383.639013 20.283478 189.959045 -570.279114
199383.648833 19.048828 189.782669 -571.119995
199383.658624 20.812607 189.782669 -571.456360
199383.668428 20.107101 189.782669 -570.110962
199383.678227 20.283478 188.900772 -570.279114
199383.688005 18.519699 189.253540 -570.279114
199383.697819 18.872452 189.606293 -570.615479
199383.707620 18.872452 188.900772 -570.615479
199383.717423 20.459854 189.782669 -570.110962
199383.727231 20.283478 188.548019 -569.942749
199383.737015 19.225204 190.311798 -570.951843
199383.746808 20.107101 188.371643 -570.783691
199383.756608 20.283478 189.606293 -570.279114
199383.766404 19.401581 188.724396 -570.447327
199383.776231 19.225204 188.548019 -569.942749
199383.785996 20.283478 187.489761 -569.606445
199383.795822 19.930710 189.606293 -570.279114
199383.805619 20.107101 189.077164 -570.110962
199383.815416 20.107101 190.135422 -572.129028
199383.825211 19.577957 189.253540 -569.942749
199383.835007 19.754333 189.429916 -572.129028
199383.844836 19.048828 189.077164 -570.783691
199383.854626 20.812607 189.077164 -570.783691
199383.864427 20.812607 188.018890 -570.447327
199383.874219 20.459854 188.018890 -571.119995
199383.884021 19.930710 189.606293 -570.279114
199383.893813 19.401581 189.782669 -570.110962
199383.903629 19.401581 189.077164 -571.119995
199383.913425 19.225204 190.311798 -570.279114
199383.923209 18.343307 187.666138 -571.456360
199383.933029 19.048828 188.724396 -569.774597
199383.942827 20.459854 189.077164 -569.438232
199383.952607 19.401581 188.371643 -569.774597
199383.962419 18.519699 189.253540 -570.615479
199383.972223 19.754333 189.077164 -569.774597
199383.982017 20.459854 189.077164 -571.119995
199383.991827 20.107101 188.724396 -572.129028
199384.001618 19.401581 189.429916 -571.456360
199384.011421 20.107101 189.077164 -570.447327
199384.021195 19.225204 186.784241 -571.288208
199384.031018 20.988983 190.664566 -570.279114
199384.040818 19.401581 189.782669 -570.447327
199384.050611 20.107101 190.488174 -570.447327
199384.060276 20.636230 189.959045 -571.624512
199384.070076 19.225204 189.253540 -571.624512
199384.079874 18.696075 188.724396 -569.774597
199384.089683 19.930710 188.548019 -570.615479
199384.099481 20.459854 189.077164 -569.774597
199384.109284 19.401581 189.429916 -571.792725
199384.119066 20.283478 190.311798 -572.297241
199384.128879 20.283478 187.489761 -569.942749
199384.138674 19.048828 189.077164 -569.438232
199384.148453 19.930710 189.253540 -569.606445
199384.158272 19.930710 190.664566 -570.951843
199384.168076 19.401581 189.429916 -568.429199
199384.177855 19.577957 189.253540 -569.606445
199384.187669 19.577957 188.900772 -571.288208
199384.197462 19.225204 188.548019 -570.615479
199384.207237 19.577957 188.900772 -570.951843
199384.217057 19.754333 189.077164 -571.119995
199384.226853 20.988983 187.489761 -570.615479
199384.236679 19.225204 187.489761 -571.288208
199384.246445 18.872452 188.900772 -570.279114
199384.256267 20.107101 188.018890 -570.110962
199384.266061 19.754333 189.429916 -571.119995
199384.275864 20.107101 189.429916 -569.774597
199384.285660 19.225204 189.606293 -570.951843
199384.295453 19.930710 189.253540 -571.624512
199384.305260 20.283478 189.253540 -569.942749
199384.315062 20.107101 189.429916 -570.110962
199384.324867 19.401581 189.429916 -571.119995
199384.334668 20.636230 190.311798 -569.606445
199384.344467 19.225204 188.900772 -569.942749
199384.354256 19.048828 189.429916 -569.774597
199384.364071 20.812607 189.782669 -570.110962
199384.373857 19.048828 189.077164 -571.456360
199384.383671 20.107101 188.018890 -571.119995
199384.393465 20.283478 189.253540 -570.951843
199384.403269 21.694489 189.253540 -570.615479
199384.413066 19.930710 188.548019 -569.270081
199384.422860 20.107101 188.724396 -570.110962
199384.432645 19.930710 188.195267 -568.933716
199384.442447 19.401581 189.077164 -569.774597
199384.452262 20.283478 190.664566 -569.270081
199384.462052 20.636230 188.548019 -571.624512
199384.471858 20.107101 189.429916 -570.110962
199384.481645 20.459854 188.724396 -570.110962
199384.491464 20.459854 190.488174 -570.783691
199384.501256 19.225204 188.548019 -570.279114
199384.511064 19.048828 189.429916 -570.110962
199384.520860 19.930710 188.548019 -569.942749
199384.530653 19.401581 186.960617 -569.438232
199384.540452 20.988983 187.489761 -572.297241
199384.550263 19.225204 189.606293 -571.288208
199384.560060 19.577957 188.900772 -570.951843
199384.569841 19.225204 189.253540 -570.615479
199384.579635 18.696075 190.488174 -571.119995
199384.589463 18.166931 188.548019 -569.606445
199384.599259 19.401581 189.429916 -572.129028
199384.609056 19.225204 189.253540 -571.960876
199384.618851 18.872452 189.959045 -569.942749
199384.628647 19.225204 189.959045 -570.279114
199384.638443 16.403152 189.253540 -570.279114
199384.648239 17.108673 187.842514 -569.942749
199384.658054 16.755920 189.606293 -570.279114
199384.667854 15.521271 188.371643 -570.447327
199384.677654 15.344894 188.900772 -570.615479
199384.687441 14.462997 190.135422 -568.092896
199384.697258 12.346466 191.546448 -568.429199
199384.707055 12.346466 191.193695 -567.756531
199384.716846 12.346466 191.899200 -565.738403
199384.726657 12.170090 192.075577 -567.252014
199384.736462 10.582687 194.015747 -563.383972
199384.746260 11.111816 193.839355 -565.233887
199384.756064 11.111816 194.897629 -563.552124
199384.765862 11.464569 196.661407 -564.897583
199384.775660 9.700790 194.192123 -566.242920
199384.785466 11.111816 193.133850 -566.579285
199384.795261 13.051971 193.310226 -566.074768
199384.805052 13.051971 193.310226 -567.420166
199384.814865 13.933868 192.075577 -566.915649
199384.824667 13.228348 192.428345 -568.261047
199384.834457 12.522842 189.959045 -568.597412
199384.844259 12.346466 190.135422 -569.438232
199384.854050 13.228348 190.311798 -571.288208
199384.863858 11.817337 188.548019 -570.279114
199384.873665 12.699219 186.255112 -571.792725
199384.883438 11.640945 186.607864 -572.801758
199384.893261 12.522842 185.725983 -572.633545
199384.903055 11.993713 183.433060 -572.465393
199384.912845 11.640945 184.138580 -571.792725
199384.922651 9.524414 182.374802 -572.129028
199384.932450 10.229935 180.963776 -572.801758
199384.942233 9.524414 181.316528 -573.810791
199384.952028 8.466156 179.552750 -572.801758
199384.961853 9.348038 179.729126 -572.969910
199384.971649 8.995285 180.081879 -574.988037
199384.981461 10.053558 179.023621 -573.979004
199384.991257 11.464569 178.670853 -573.979004
199385.001056 11.288193 177.436218 -575.828857
199385.010839 12.875595 176.554321 -577.006104
199385.020657 13.228348 176.554321 -574.651672
199385.030442 14.462997 175.319672 -576.501587
199385.040227 16.226776 175.672440 -576.501587
199385.050034 16.755920 176.554321 -575.997070
199385.059830 20.283478 174.790543 -577.342468
199385.068862 20.636230 175.496048 -578.015137
199385.078630 23.634659 175.672440 -577.174316
199385.088456 25.398438 175.319672 -576.837952
199385.098233 25.751190 175.672440 -577.846985
199385.108031 27.338593 175.496048 -578.351501
199385.117849 29.278748 176.730698 -575.828857
199385.127649 31.924423 175.143295 -575.997070
199385.137437 32.453552 176.377945 -576.165222
199385.147238 33.511826 176.377945 -576.501587
199385.157049 32.982681 177.965347 -574.315308
199385.166837 36.686615 177.436218 -575.492554
199385.176649 35.981110 175.672440 -574.819824
199385.186447 36.863007 176.201569 -576.669739
199385.196236 36.157486 176.201569 -575.660706
199385.206046 38.097641 177.083450 -573.810791
199385.215844 40.214188 178.494476 -574.147156
199385.225646 39.508667 178.847229 -574.147156
199385.235443 39.861420 179.199997 -572.465393
199385.245230 40.919693 180.611023 -572.129028
199385.255035 40.566940 179.905502 -571.119995
199385.264837 40.919693 180.963776 -572.129028
199385.274634 40.743317 181.845657 -571.288208
199385.284433 42.330719 182.022034 -571.119995
199385.294245 41.977966 182.022034 -569.438232
199385.304033 43.388977 184.491333 -568.765564
199385.313842 45.681900 185.725983 -567.252014
199385.323638 45.152756 186.255112 -566.411133
199385.333424 44.800003 185.549591 -565.738403
199385.343228 45.681900 187.842514 -565.906616
199385.353029 44.976379 188.195267 -565.570251
199385.362840 46.563782 189.782669 -564.056702
199385.372625 46.916550 189.429916 -564.393066
199385.382431 46.563782 189.077164 -563.383972
199385.392197 48.680328 190.488174 -563.720337
199385.402024 49.914963 191.722824 -561.870422
199385.411821 50.444107 190.488174 -560.356812
199385.421620 50.444107 190.840942 -560.020508
199385.431416 53.089767 190.311798 -558.506958
199385.441208 52.737015 191.370071 -557.497864
199385.450999 52.207886 192.604721 -557.666077
199385.460791 55.559067 191.370071 -556.488831
199385.470610 56.440948 191.546448 -556.656982
199385.480411 57.322845 189.606293 -554.807129
199385.490205 56.617325 192.428345 -554.134399
199385.500016 56.970093 192.075577 -553.798035
199385.509803 57.146469 191.193695 -553.966187
199385.519595 57.851974 192.251953 -552.620850
199385.529401 56.088196 190.488174 -554.975281
199385.539197 56.088196 190.488174 -554.302551
199385.548995 55.735443 192.251953 -555.984314
199385.558793 54.677170 192.251953 -558.338745
199385.568590 54.324417 191.193695 -557.666077
199385.578394 52.031509 191.722824 -558.170593
199385.588165 53.089767 191.017319 -558.506958
199385.597962 51.325989 191.017319 -559.852295
199385.607789 51.325989 190.311798 -561.534058
199385.617592 48.151184 190.664566 -560.525024
199385.627379 44.623627 188.900772 -565.570251
199385.637175 41.977966 188.724396 -565.402100
199385.646967 40.214188 188.371643 -567.756531
199385.656789 37.921265 189.606293 -568.261047
199385.666580 36.863007 188.900772 -568.261047
199385.676367 35.451981 187.489761 -568.597412
199385.686173 32.806305 185.902359 -569.101929
199385.695970 33.159058 185.902359 -571.119995
199385.705759 29.807877 185.020462 -572.633545
199385.715567 29.807877 184.667709 -571.288208
199385.725358 26.809464 182.727554 -573.810791
199385.735169 24.692917 182.727554 -573.810791
199385.744979 22.752762 182.198410 -572.633545
199385.754776 20.812607 180.963776 -573.810791
199385.764562 18.166931 181.140152 -574.315308
199385.774369 16.579529 178.494476 -576.165222
199385.784165 15.874023 177.436218 -575.828857
199385.793972 14.286621 177.259827 -575.324341
199385.803757 11.640945 177.436218 -575.492554
199385.813552 10.759064 173.379517 -575.660706
199385.823350 10.053558 174.085037 -575.997070
199385.833145 8.818909 173.203140 -575.492554
199385.842943 6.702377 170.028336 -573.810791
199385.852769 5.820480 170.204712 -575.324341
199385.862534 5.291351 168.970078 -575.156189
199385.872331 5.114975 168.440933 -574.651672
199385.882157 4.762207 165.971649 -573.642639
199385.891939 4.056702 165.618896 -575.997070
199385.901735 4.233078 165.795273 -575.828857
199385.911536 2.116547 163.678726 -574.819824
199385.921350 3.174805 162.267715 -574.147156
199385.931142 1.587402 162.091324 -573.642639
199385.940959 1.763794 161.914948 -575.828857
199385.950744 1.587402 159.622040 -574.315308
199385.960539 2.469299 159.798416 -574.819824
199385.970345 -0.705505 159.092911 -574.483521
199385.980153 1.234650 157.152740 -573.306274
199385.989953 2.292923 157.858261 -573.642639
199385.999752 2.116547 156.623611 -576.165222
199386.009550 2.116547 156.976364 -575.492554
199386.019346 1.587402 157.152740 -575.997070
199386.029136 2.116547 156.270859 -574.819824
199386.038930 2.292923 156.094482 -577.006104
199386.048722 3.351196 154.683456 -575.324341
199386.058529 4.409454 155.036209 -575.997070
199386.068341 3.703949 154.330704 -577.006104
199386.086898 3.527573 154.154327 -576.165222
199386.096710 4.585831 154.507080 -575.156189
199386.106518 3.527573 153.801559 -576.837952
199386.116300 4.938583 154.859833 -575.492554
199386.126089 5.996857 154.859833 -576.837952
199386.135908 6.173233 155.036209 -576.333374
199386.145677 7.055130 158.387390 -577.174316
199386.155494 9.524414 158.034637 -577.174316
199386.165302 10.053558 159.974792 -576.669739
199386.175096 11.288193 160.503922 -577.510620
199386.184893 14.110245 161.562195 -579.528687
199386.194691 14.992126 163.502350 -579.024170
199386.204483 16.050400 163.149597 -578.351501
199386.214298 18.166931 167.735428 -578.015137
199386.224077 20.988983 168.440933 -578.351501
199386.233872 23.458282 169.851959 -577.678833
199386.243669 23.634659 171.792114 -576.837952
199386.253465 24.692917 173.203140 -576.837952
199386.263261 24.516541 174.790543 -579.024170
199386.273057 26.456696 176.377945 -575.828857
199386.282853 28.044098 177.612595 -577.342468
199386.292675 28.044098 177.612595 -576.333374
199386.302473 28.044098 178.670853 -575.997070
199386.312273 29.455124 177.612595 -575.997070
199386.322068 31.218903 178.670853 -574.988037
199386.331867 32.100800 180.258255 -575.156189
199386.341670 32.806305 179.905502 -574.819824
199386.351478 32.629929 180.081879 -573.979004
199386.361265 35.275604 182.022034 -573.138062
199386.371062 35.628357 183.080307 -573.474426
199386.380838 36.333862 183.080307 -572.129028
199386.390664 36.510239 185.020462 -571.960876
199386.400465 36.863007 184.667709 -571.288208
199386.410235 38.097641 185.549591 -570.110962
199386.420068 41.801575 186.431488 -569.942749
199386.429858 45.858276 189.077164 -568.092896
199386.439662 48.327560 187.666138 -567.083801
199386.449461 49.914963 187.842514 -564.897583
199386.459262 50.267731 191.017319 -562.206787
199386.469051 51.502365 189.077164 -560.693176
199386.478856 52.031509 190.664566 -562.206787
199386.488658 52.913391 189.782669 -560.020508
199386.498445 53.266144 191.193695 -558.675110
199386.508237 54.677170 191.193695 -558.675110
199386.518022 56.440948 191.546448 -557.329712
199386.527844 55.911819 191.722824 -555.479797
199386.537645 56.793701 191.193695 -554.638916
199386.547440 57.851974 191.899200 -552.620850
199386.557222 58.733871 193.486603 -551.443604
199386.567037 58.910248 193.662979 -549.930054
199386.576824 58.910248 195.074005 -550.939087
199386.586629 60.144882 194.544876 -549.089172
199386.596435 62.085052 193.662979 -548.248291
199386.606209 60.144882 195.250381 -546.062012
199386.616035 61.908676 194.192123 -544.380249
199386.625822 61.908676 196.308655 -543.034912
199386.635618 62.261429 195.250381 -541.353149
199386.645437 62.790558 195.426758 -540.848633
199386.655210 63.496063 197.190536 -540.175903
199386.665007 61.732285 196.485031 -540.175903
199386.674804 62.614182 195.603134 -539.335083
199386.684609 62.614182 196.308655 -537.316956
199386.694395 63.848831 197.190536 -535.467041
199386.704191 60.850403 197.366928 -535.298889
199386.713985 63.319687 197.366928 -533.953491
199386.723783 62.614182 197.014160 -531.599060
199386.733581 62.966934 197.366928 -530.253662
199386.743406 62.437805 197.543304 -529.749146
199386.753171 62.614182 197.719681 -529.244629
199386.762972 62.614182 197.014160 -527.562866
199386.772795 62.790558 198.954315 -524.367554
199386.782586 61.908676 198.425186 -523.526672
199386.792388 60.497650 198.777939 -522.517639
199386.802189 59.792130 199.130707 -521.508545
199386.811984 62.437805 197.543304 -521.340393
199386.821789 60.144882 198.777939 -520.499512
199386.831566 60.321274 195.779526 -520.331360
199386.841379 61.026779 196.837784 -519.322327
199386.851179 60.850403 196.661407 -517.136047
199386.860985 60.144882 196.661407 -516.463379
199386.870779 59.263000 197.543304 -515.286133
199386.880577 57.851974 198.248810 -516.631531
199386.890361 58.204727 196.485031 -515.286133
199386.900176 58.910248 198.601562 -515.286133
199386.909963 57.146469 199.307083 -513.268066
199386.919761 56.617325 198.777939 -513.099854
199386.929567 56.617325 198.425186 -512.763550
199386.939370 57.675598 197.366928 -512.090820
199386.949164 56.088196 198.954315 -511.586304
199386.958953 56.617325 197.366928 -512.763550
199386.968746 56.970093 198.072433 -514.108887
199386.978559 58.910248 199.659836 -513.940735
199386.988357 58.381104 198.072433 -514.445251
199386.998136 57.499222 196.837784 -514.277100
199387.007951 58.028351 197.719681 -515.454285
199387.017749 60.144882 197.366928 -515.117920
199387.027526 60.850403 196.661407 -516.799683
199387.037348 60.497650 196.661407 -516.799683
199387.047145 61.026779 197.190536 -517.976929
199387.056944 62.085052 197.190536 -518.985962
199387.066749 62.614182 196.308655 -518.817810
199387.076538 65.436234 194.544876 -521.172241
199387.085769 65.083466 194.192123 -521.844910
199387.095550 64.201584 196.132278 -523.022156
199387.105368 65.436234 192.781097 -523.526672
199387.115156 67.905518 194.192123 -525.544800
199387.124967 66.847244 194.192123 -527.562866
199387.134764 67.729141 192.251953 -528.067383
199387.144561 67.376389 191.546448 -530.758179
199387.154356 68.081894 191.193695 -529.749146
199387.164153 68.611038 188.900772 -532.271729
199387.173970 68.787415 190.840942 -533.112610
199387.183769 68.258270 190.311798 -534.962524
199387.193567 69.140167 190.135422 -536.139771
199387.203368 69.492920 187.313385 -536.812439
199387.213170 70.198425 190.840942 -537.485107
199387.222960 66.847244 188.195267 -540.680420
199387.232774 67.200012 188.195267 -541.016785
199387.242571 67.729141 187.666138 -543.539429
199387.252348 67.905518 187.489761 -544.380249
199387.262138 67.729141 189.077164 -548.584656
199387.271971 65.436234 187.489761 -548.416504
199387.281768 66.141739 186.078735 -550.770874
199387.291571 65.083466 186.784241 -551.779968
199387.301372 62.614182 186.431488 -554.134399
199387.311147 63.496063 186.255112 -554.975281
199387.320972 63.319687 183.609436 -554.807129
199387.330775 60.497650 186.078735 -557.497864
199387.340551 59.968506 184.844086 -560.020508
199387.350370 58.204727 186.607864 -559.347778
199387.360164 56.793701 184.491333 -563.047607
199387.369953 55.911819 185.020462 -562.206787
199387.379778 55.559067 183.609436 -564.224854
199387.389578 53.442520 183.962204 -563.888489
199387.399368 53.442520 183.962204 -565.906616
199387.409171 51.502365 183.080307 -566.411133
199387.418974 51.502365 183.433060 -568.092896
199387.428774 49.562210 182.551178 -567.588379
199387.438575 50.091339 183.785812 -568.765564
199387.448372 47.622055 182.022034 -570.110962
199387.458177 47.622055 182.374802 -570.110962
199387.467978 45.858276 183.080307 -568.429199
199387.477781 44.976379 183.609436 -570.951843
199387.487581 42.154343 182.198410 -571.288208
199387.497374 42.330719 182.727554 -571.792725
199387.507169 40.390564 182.551178 -572.633545
199387.516966 38.450394 182.022034 -572.129028
199387.526778 36.510239 182.551178 -573.979004
199387.536572 35.451981 183.609436 -572.297241
199387.546385 34.393707 182.551178 -573.642639
199387.556173 32.629929 182.903931 -572.969910
199387.565986 31.924423 184.314957 -572.969910
199387.575774 31.042526 183.785812 -574.483521
199387.585569 30.689774 182.727554 -574.483521
199387.595368 29.278748 183.433060 -574.483521
199387.605162 28.925995 179.552750 -574.819824
199387.614957 28.925995 181.669281 -575.156189
199387.624786 29.278748 180.611023 -576.501587
199387.634580 27.338593 180.081879 -575.997070
199387.644368 26.280319 179.376373 -573.979004
199387.654177 25.045670 180.258255 -575.156189
199387.663975 24.163788 179.729126 -574.651672
199387.673765 21.341736 179.729126 -575.997070
199387.683570 20.988983 181.140152 -574.651672
199387.693364 19.754333 181.316528 -575.492554
199387.703177 18.519699 180.081879 -574.315308
199387.712972 17.814178 181.140152 -574.315308
199387.722773 15.168518 181.316528 -573.474426
199387.732543 13.228348 182.551178 -572.297241
199387.742357 11.640945 183.785812 -572.801758
199387.752167 8.466156 184.844086 -570.447327
199387.761961 4.762207 183.256683 -569.942749
199387.771760 4.056702 185.373215 -568.933716
199387.781561 0.881897 187.489761 -567.252014
199387.791350 -1.058258 188.018890 -566.411133
199387.801150 -1.234634 187.136993 -564.561218
199387.810949 -3.351181 187.136993 -564.561218
199387.820726 -4.938568 186.960617 -563.383972
199387.830547 -5.291336 186.255112 -562.711304
199387.840346 -5.820465 187.489761 -561.870422
199387.850127 -7.760620 186.607864 -560.020508
199387.859943 -7.936996 184.667709 -560.525024
199387.869719 -9.171646 185.196838 -560.356812
199387.879527 -11.464554 185.725983 -558.506958
199387.889331 -9.700775 184.667709 -558.170593
199387.899107 -11.993698 185.902359 -558.675110
199387.908925 -12.346451 185.902359 -557.666077
199387.918723 -11.288177 185.902359 -557.666077
199387.928527 -11.288177 185.549591 -555.647949
199387.938320 -12.699203 186.960617 -554.975281
199387.948128 -11.288177 185.549591 -555.647949
199387.957914 -13.051956 186.255112 -554.975281
199387.967724 -14.110229 186.255112 -554.638916
199387.977520 -13.404724 188.371643 -553.629883
199387.987303 -14.286606 186.784241 -553.125366
199387.997117 -15.344879 186.431488 -551.443604
199388.006907 -13.581100 186.078735 -551.779968
199388.016691 -15.344879 187.489761 -551.779968
199388.026487 -15.874008 186.607864 -551.611816
199388.036315 -16.050385 186.784241 -552.116333
199388.046081 -15.874008 187.313385 -549.257324
199388.055907 -15.697632 186.078735 -547.071045
199388.065689 -18.519684 188.900772 -546.734741
199388.075495 -17.814163 186.784241 -544.380249
199388.085296 -18.519684 186.784241 -544.043945
199388.095586 -17.461411 188.548019 -542.698547
199388.105399 -18.343292 187.666138 -542.530396
199388.115179 -18.696060 188.018890 -539.503235
199388.124998 -19.225189 187.842514 -539.671387
199388.134783 -20.812592 187.313385 -539.839600
199388.144593 -20.283463 187.842514 -536.644287
199388.154394 -19.225189 189.959045 -535.971558
199388.164182 -17.990540 188.371643 -533.785278
199388.173996 -19.754318 190.488174 -535.467041
199388.183790 -19.048813 191.899200 -535.130676
199388.193598 -17.285034 191.546448 -534.121643
199388.203389 -19.048813 189.782669 -535.803406
199388.213180 -17.637787 189.782669 -534.121643
199388.222981 -17.814163 191.017319 -534.626160
199388.232781 -16.579514 191.899200 -533.112610
199388.242572 -18.519684 192.428345 -534.289795
199388.252376 -19.401566 190.135422 -534.121643
199388.262181 -17.285034 191.546448 -534.121643
199388.271971 -18.519684 191.370071 -533.953491
199388.281779 -18.872437 191.370071 -532.608093
199388.291585 -17.461411 191.722824 -532.944458
199388.301359 -19.930695 191.017319 -532.271729
199388.311180 -16.579514 191.546448 -532.103577
199388.320970 -16.579514 192.251953 -532.439941
199388.330779 -18.519684 191.370071 -530.589966
199388.340570 -16.403137 192.428345 -531.262695
199388.350382 -16.226761 193.310226 -531.767212
199388.360155 -16.579514 194.015747 -531.094482
199388.369980 -16.050385 195.955902 -531.262695
199388.379759 -12.699203 195.074005 -531.094482
199388.389548 -14.286606 195.955902 -530.253662
199388.399367 -13.228333 196.661407 -530.589966
199388.409148 -12.875580 197.014160 -530.253662
199388.418960 -12.170074 198.777939 -528.908264
199388.428771 -10.935425 198.954315 -530.421814
199388.438556 -8.289749 199.836212 -529.580933
199388.448371 -6.878738 200.188965 -530.253662
199388.458159 -7.407867 200.365341 -531.094482
199388.467955 -5.467712 202.658264 -530.589966
199388.477782 -6.173218 202.658264 -529.917297
199388.487569 -1.763779 202.129120 -530.085449
199388.497374 -2.998413 203.011017 -529.580933
199388.507170 -3.351181 203.011017 -529.917297
199388.516967 -2.822037 205.303925 -529.412781
199388.526762 -1.763779 204.245667 -530.085449
199388.536558 -1.940155 205.480301 -527.899170
199388.546355 -1.763779 204.245667 -529.076416
199388.556156 -3.527557 204.951172 -529.749146
199388.565970 -1.763779 204.951172 -529.412781
199388.575776 -2.645660 204.422043 -530.589966
199388.585564 -0.529129 205.480301 -528.908264
199388.595371 -0.352753 204.598419 -530.758179
199388.605175 1.587402 204.774796 -530.253662
199388.614975 1.234650 206.538574 -530.589966
199388.624773 1.587402 206.185822 -531.935425
199388.634567 1.587402 206.185822 -530.926331
199388.644361 3.174805 206.009445 -529.076416
199388.654172 2.292923 206.185822 -529.580933
199388.663974 3.527573 207.067703 -529.749146
199388.673760 3.703949 206.538574 -529.580933
199388.683559 3.351196 206.185822 -529.580933
199388.693362 3.880325 209.184250 -530.758179
199388.703161 5.114975 207.949600 -530.589966
199388.712968 5.996857 207.773224 -529.076416
199388.722761 7.407883 207.773224 -531.094482
199388.732542 8.818909 207.773224 -529.749146
199388.742368 9.171661 208.478729 -531.094482
199388.752164 11.464569 209.360626 -529.244629
199388.761972 11.640945 209.889755 -530.085449
199388.771768 13.757492 211.653534 -530.421814
199388.781578 13.051971 211.653534 -531.094482
199388.791373 14.462997 210.595261 -528.403748
199388.801162 13.051971 211.300781 -529.412781
199388.810972 13.051971 209.889755 -531.767212
199388.820769 12.875595 210.418884 -529.244629
199388.830564 13.051971 209.889755 -528.740112
199388.840361 12.875595 210.418884 -528.571899
199388.850161 12.699219 210.595261 -529.412781
199388.859951 13.757492 209.889755 -529.076416
199388.869749 14.286621 210.066132 -528.908264
199388.879548 13.228348 211.477158 -528.235535
199388.889342 14.286621 210.771652 -527.562866
199388.899145 14.815750 210.948029 -527.394653
199388.908934 14.462997 209.889755 -529.076416
199388.918730 16.932297 211.300781 -527.394653
199388.928510 15.168518 209.537003 -528.403748
199388.938322 14.992126 209.713379 -526.890137
199388.948118 14.815750 209.184250 -528.740112
199388.957915 14.639374 211.124405 -526.890137
199388.967711 14.110245 209.889755 -526.721985
199388.977507 14.462997 208.831482 -527.731018
199388.987303 15.521271 211.300781 -527.394653
199388.997100 13.581116 210.418884 -527.562866
199389.006926 14.462997 209.889755 -528.740112
199389.016720 13.757492 211.653534 -528.403748
199389.026529 14.110245 212.711807 -528.403748
199389.036314 14.992126 211.124405 -528.571899
199389.046119 15.168518 210.242508 -529.076416
199389.055914 12.699219 209.889755 -530.085449
199389.065703 13.757492 209.889755 -529.749146
199389.075522 12.346466 209.889755 -530.421814
199389.085326 12.522842 209.360626 -531.935425
199389.095121 11.288193 209.889755 -532.439941
199389.105165 10.935440 208.125977 -534.121643
199389.114966 10.229935 207.773224 -535.803406
199389.124754 7.937012 207.949600 -536.644287
199389.134563 9.877167 208.478729 -538.494202
199389.144362 8.818909 207.773224 -540.175903
199389.154162 7.055130 204.598419 -541.521301
199389.163952 7.231506 206.185822 -543.371216
199389.173751 5.820480 204.774796 -543.707581
199389.183546 4.056702 204.774796 -545.725708
199389.193349 4.409454 203.363770 -547.071045
199389.203148 4.233078 201.776367 -548.584656
199389.212954 2.822052 202.834641 -551.611816
199389.222751 3.351196 201.247238 -552.789001
199389.232546 1.411026 199.659836 -553.966187
199389.242352 1.940170 197.719681 -555.479797
199389.252146 2.469299 197.190536 -555.984314
199389.261948 1.940170 195.250381 -557.497864
199389.271745 1.763794 194.721252 -558.338745
199389.281539 0.352768 195.074005 -559.684143
199389.291319 2.116547 191.899200 -561.702271
199389.301129 1.234650 191.370071 -562.206787
199389.310938 -0.176376 191.370071 -562.543091
199389.320720 -0.529129 188.900772 -563.552124
199389.330528 -0.176376 187.489761 -564.561218
199389.340331 -1.940155 188.548019 -564.897583
199389.350097 -0.176376 186.078735 -565.906616
199389.359922 0.176392 185.020462 -567.588379
199389.369719 0.529144 185.725983 -567.588379
199389.379516 1.763794 184.138580 -566.747437
199389.389309 2.116547 183.433060 -568.429199
199389.399107 1.940170 183.609436 -568.597412
199389.408903 0.881897 182.198410 -570.279114
199389.418699 1.234650 183.256683 -568.597412
199389.428506 2.116547 182.022034 -569.438232
199389.438283 1.058273 180.611023 -568.092896
199389.448088 0.352768 181.669281 -571.792725
199389.457884 1.940170 181.140152 -569.606445
199389.467702 3.174805 179.552750 -571.456360
199389.477504 3.351196 179.023621 -571.960876
199389.487292 1.940170 177.259827 -571.624512
199389.497100 2.292923 175.848816 -573.306274
199389.506902 2.645676 175.143295 -572.297241
199389.516691 2.116547 173.908646 -573.138062
199389.526500 2.645676 172.321259 -573.306274
199389.536293 3.527573 171.086609 -574.819824
199389.546096 4.409454 171.968491 -575.660706
199389.555894 2.645676 170.910233 -574.988037
199389.565689 4.762207 170.204712 -575.660706
199389.575499 5.644104 167.911804 -577.510620
199389.585294 6.173233 168.088181 -576.669739
199389.595095 4.938583 166.853531 -576.837952
199389.604856 7.584259 164.913376 -578.351501
199389.614687 6.525986 164.560623 -576.669739
199389.624482 9.348038 162.444092 -577.006104
199389.634257 7.937012 161.385818 -577.342468
199389.644082 7.760635 161.562195 -578.183350
199389.653880 8.289764 160.680313 -576.669739
199389.663669 8.289764 159.622040 -578.351501
199389.673476 11.111816 158.916534 -577.678833
199389.683284 9.877167 157.681885 -576.837952
199389.693092 9.524414 155.565353 -577.510620
199389.702883 10.053558 156.094482 -580.369629
199389.712689 9.700790 155.741730 -579.696899
199389.722495 10.935440 155.212585 -578.856018
199389.732287 8.995285 155.741730 -579.024170
199389.742094 11.288193 152.743301 -578.519653
199389.751891 10.053558 154.330704 -577.342468
199389.761672 10.582687 152.037781 -577.510620
199389.771483 13.404739 151.332275 -578.519653
199389.781291 11.464569 152.214172 -580.369629
199389.791084 12.346466 151.332275 -578.856018
199389.800872 13.051971 149.215744 -576.501587
199389.810688 11.464569 149.392120 -578.015137
199389.820494 13.933868 149.392120 -579.024170
199389.830290 12.875595 146.922821 -578.351501
199389.840095 13.051971 146.746445 -578.519653
199389.849883 14.992126 145.864563 -578.351501
199389.859678 14.639374 143.395264 -576.669739
199389.869474 14.462997 143.218887 -577.510620
199389.879270 16.050400 141.984238 -577.342468
199389.889082 15.874023 142.160629 -576.837952
199389.898863 17.637802 141.807861 -577.174316
199389.908690 17.108673 139.867706 -577.678833
199389.918486 17.990555 140.044083 -574.819824
199389.928282 19.754333 138.985825 -576.837952
199389.938089 19.930710 139.162201 -575.324341
199389.947878 18.696075 138.280304 -575.156189
199389.957698 20.812607 136.516525 -576.165222
199389.967495 18.872452 136.340149 -575.324341
199389.977303 20.283478 137.045654 -574.651672
199389.987104 19.225204 134.929123 -575.660706
199389.996885 20.812607 135.458267 -575.492554
199390.006699 21.341736 135.987396 -575.997070
199390.016499 23.634659 137.574799 -574.819824
199390.026300 22.929138 134.047241 -575.492554
199390.036104 23.105515 133.518097 -574.988037
199390.045897 23.634659 135.105499 -574.483521
199390.055694 23.458282 133.870865 -574.651672
199390.065508 24.692917 133.341721 -575.492554
199390.075305 23.105515 133.518097 -575.324341
199390.085098 25.222061 133.518097 -573.306274
199390.094894 26.280319 133.518097 -573.642639
199390.104720 25.398438 133.341721 -572.801758
199390.113951 26.809464 131.930695 -573.810791
199390.123750 25.398438 131.930695 -573.474426
199390.133552 26.103943 132.283463 -572.801758
199390.143336 26.280319 132.812592 -572.969910
199390.153142 25.927567 131.754318 -573.306274
199390.162946 26.456696 131.577942 -572.465393
199390.172720 26.633072 132.459839 -574.315308
199390.182548 24.869293 133.165344 -573.306274
199390.192350 26.280319 133.518097 -573.642639
199390.202156 25.574814 133.870865 -573.642639
199390.211939 26.456696 134.047241 -574.819824
199390.221733 25.751190 135.105499 -574.147156
199390.231540 24.163788 135.281876 -575.324341
199390.241343 24.163788 135.634644 -576.333374
199390.251131 23.105515 135.281876 -575.324341
199390.260924 23.105515 135.634644 -575.324341
199390.270720 21.694489 137.751175 -574.651672
199390.280516 20.283478 138.456680 -575.660706
199390.290313 18.872452 138.103928 -576.669739
199390.300115 19.225204 139.867706 -576.669739
199390.309935 18.696075 140.749603 -575.492554
199390.319731 18.519699 141.984238 -576.333374
199390.329527 17.814178 141.984238 -577.006104
199390.339323 14.815750 143.571640 -578.519653
199390.349129 14.815750 144.277161 -577.510620
199390.358935 15.168518 146.746445 -577.846985
199390.368726 13.757492 148.510223 -577.510620
199390.378530 12.875595 150.450378 -577.006104
199390.388325 12.875595 151.508652 -577.678833
199390.398116 13.051971 152.390549 -578.519653
199390.407936 10.582687 154.859833 -578.519653
199390.417731 10.229935 155.565353 -578.183350
199390.427511 11.111816 157.505508 -577.678833
199390.437327 8.818909 156.270859 -579.192383
199390.447127 10.582687 157.329132 -578.856018
199390.456930 8.289764 158.916534 -577.678833
199390.466726 9.524414 159.445663 -577.174316
199390.476528 8.818909 159.445663 -579.192383
199390.486328 9.700790 160.680313 -577.006104
199390.496130 8.113388 160.856689 -577.510620
199390.505925 8.466156 163.325974 -577.510620
199390.515716 9.524414 162.973221 -577.174316
199390.525515 9.348038 164.207870 -577.342468
199390.535315 9.700790 163.502350 -578.351501
199390.545116 10.759064 165.266129 -577.342468
199390.554921 10.935440 165.795273 -577.846985
199390.564696 10.759064 166.324402 -576.333374
199390.574511 11.993713 166.148026 -577.174316
199390.584321 13.051971 167.911804 -578.519653
199390.594114 12.699219 167.206284 -577.846985
199390.603909 13.581116 167.029907 -578.687866
199390.613718 15.521271 167.911804 -578.519653
199390.623501 16.403152 169.146454 -578.687866
199390.633319 15.344894 168.793686 -578.351501
199390.643095 18.696075 167.911804 -578.519653
199390.652916 19.577957 170.557465 -578.687866
199390.662712 20.988983 169.146454 -579.696899
199390.672517 23.987411 171.086609 -578.183350
199390.682309 24.516541 170.910233 -579.696899
199390.692118 25.398438 171.086609 -577.174316
199390.701902 28.749619 170.557465 -578.687866
199390.711699 30.337021 171.792114 -577.846985
199390.721496 29.984253 171.086609 -578.183350
199390.731322 32.100800 172.497635 -577.846985
199390.741117 31.218903 170.557465 -578.351501
199390.750915 31.042526 170.733856 -577.510620
199390.760710 33.159058 172.144867 -578.183350
199390.770507 33.688202 172.674011 -577.006104
199390.780302 33.159058 173.908646 -577.174316
199390.790111 33.864578 173.203140 -578.183350
199390.799895 34.570084 174.261414 -577.174316
199390.809721 36.157486 174.437790 -576.669739
199390.819517 35.628357 173.203140 -575.156189
199390.829315 35.804733 175.848816 -577.006104
199390.839112 37.039383 177.436218 -575.492554
199390.848904 36.333862 176.730698 -574.147156
199390.858716 38.097641 177.436218 -574.147156
199390.868507 38.979538 179.023621 -574.651672
199390.878293 38.626785 178.670853 -574.315308
199390.888105 40.919693 179.905502 -574.819824
199390.897921 40.037796 178.670853 -573.979004
199390.907695 40.566940 178.847229 -573.474426
199390.917506 40.743317 179.729126 -572.969910
199390.927300 40.390564 179.023621 -573.642639
199390.937093 41.977966 179.552750 -573.474426
199390.946896 42.859848 179.023621 -572.633545
199390.956695 42.683472 179.199997 -571.456360
199390.966492 43.036224 180.611023 -572.801758
199390.976298 43.918121 179.023621 -570.951843
199390.986097 43.741745 179.199997 -571.456360
199390.995902 44.447250 179.199997 -571.792725
199391.005697 43.741745 180.258255 -572.465393
199391.015502 44.976379 179.729126 -570.951843
199391.025298 46.211029 179.552750 -570.447327
199391.035093 46.563782 180.611023 -571.792725
199391.044875 47.092926 180.081879 -571.624512
199391.054689 48.151184 178.670853 -569.942749
199391.064492 49.562210 180.434631 -569.606445
199391.074279 49.209457 177.965347 -569.942749
199391.084086 50.444107 179.905502 -569.438232
199391.093888 50.444107 179.552750 -569.438232
199391.103667 50.091339 178.141724 -567.756531
199391.113486 50.620483 179.729126 -568.933716
199391.122719 50.620483 180.787399 -569.270081
199391.132506 52.207886 179.552750 -568.765564
199391.142309 52.384262 179.376373 -568.597412
199391.152098 53.442520 180.081879 -568.597412
199391.161916 52.913391 178.494476 -567.756531
199391.171720 52.913391 178.847229 -568.429199
199391.181517 53.089767 179.729126 -567.924683
199391.191314 51.855133 178.847229 -567.420166
199391.201109 54.677170 180.611023 -566.747437
199391.210895 54.148041 177.612595 -567.588379
199391.220701 54.500793 180.081879 -566.579285
199391.230510 56.617325 179.729126 -567.252014
199391.240293 56.440948 181.669281 -566.074768
199391.250110 56.264572 179.376373 -565.906616
199391.259887 57.675598 180.434631 -564.224854
199391.269682 56.970093 181.492905 -563.552124
199391.279496 56.617325 182.198410 -564.224854
199391.289299 55.911819 182.551178 -562.879456
199391.299070 57.146469 183.080307 -563.383972
199391.308888 57.851974 183.080307 -562.038574
199391.318688 59.263000 183.433060 -561.702271
199391.328489 59.086624 183.609436 -561.197754
199391.338287 60.144882 184.314957 -561.534058
199391.348086 59.615753 184.491333 -559.684143
199391.357862 61.203156 183.609436 -558.843262
199391.367690 62.261429 185.373215 -557.834229
199391.377481 62.437805 184.844086 -557.666077
199391.387261 62.085052 186.607864 -555.311646
199391.397079 64.201584 185.549591 -555.984314
199391.406878 64.025208 185.020462 -556.488831
199391.416661 63.848831 185.549591 -554.302551
199391.426478 65.436234 185.373215 -553.125366
199391.436255 65.965363 186.255112 -553.293518
199391.446078 66.318115 186.255112 -552.957153
199391.455883 64.201584 185.196838 -552.284485
199391.465667 66.494492 186.784241 -550.770874
199391.475485 66.494492 188.548019 -549.761841
199391.485274 66.847244 185.725983 -548.752808
199391.495071 68.434647 186.255112 -548.921021
199391.504873 67.905518 185.373215 -547.071045
199391.514673 66.847244 186.784241 -548.752808
199391.524474 67.200012 185.725983 -547.743774
199391.534278 67.376389 186.960617 -549.930054
199391.544079 66.670868 187.313385 -547.575562
199391.553862 66.670868 185.902359 -547.575562
199391.563658 67.376389 186.255112 -546.230225
199391.573476 66.494492 186.078735 -547.071045
199391.583266 69.140167 187.313385 -546.230225
199391.593134 69.140167 185.902359 -547.239258
199391.602931 68.611038 186.784241 -547.407410
199391.612727 66.847244 186.784241 -547.743774
199391.622522 68.963791 186.784241 -547.743774
199391.632318 68.611038 186.431488 -546.398376
199391.642114 69.492920 185.902359 -546.230225
199391.651911 68.258270 187.489761 -545.389343
199391.661707 69.492920 186.960617 -546.902893
199391.671521 68.787415 188.018890 -543.539429
199391.681295 67.905518 186.431488 -544.043945
199391.691096 69.492920 186.960617 -544.884827
199391.700922 67.023636 185.902359 -543.875732
199391.710721 69.669296 186.431488 -545.725708
199391.720517 71.080322 186.431488 -543.371216
199391.730324 69.316544 186.078735 -543.034912
199391.740106 70.374817 185.373215 -543.034912
199391.749903 70.903946 186.607864 -541.184998
199391.759720 70.551193 186.607864 -542.866699
199391.769525 70.727570 186.431488 -540.344116
199391.779321 69.845673 186.607864 -541.521301
199391.789128 70.551193 186.255112 -539.839600
199391.798919 71.080322 186.784241 -538.662354
199391.808710 70.198425 185.549591 -539.839600
199391.818509 71.256699 186.960617 -538.830566
199391.828312 70.727570 186.078735 -537.316956
199391.838090 71.962219 187.313385 -538.157837
199391.847916 71.080322 187.136993 -538.325989
199391.857708 71.080322 187.842514 -536.980591
199391.867494 71.256699 188.371643 -537.485107
199391.877305 69.140167 186.607864 -537.821472
199391.887102 70.198425 187.313385 -537.148804
199391.896885 71.080322 187.489761 -536.644287
199391.906697 71.609451 186.960617 -535.803406
199391.916498 70.727570 187.489761 -535.971558
199391.926289 72.138596 187.136993 -536.980591
199391.936096 71.609451 189.077164 -534.458008
199391.945887 70.374817 187.842514 -534.626160
199391.955684 71.080322 187.842514 -533.617126
199391.965482 70.198425 189.077164 -532.103577
199391.975264 70.022049 187.842514 -532.608093
199391.985082 70.551193 189.077164 -533.448975
199391.994887 71.433075 188.900772 -531.935425
199392.004663 70.551193 189.782669 -532.103577
199392.014477 70.198425 187.313385 -531.767212
199392.024255 70.727570 189.959045 -530.926331
199392.034052 72.138596 188.195267 -531.935425
199392.043879 70.903946 188.724396 -530.085449
199392.053674 70.903946 188.018890 -531.767212
199392.063471 71.609451 189.077164 -531.430847
199392.073268 71.080322 188.900772 -529.244629
199392.083063 71.256699 188.724396 -530.421814
199392.092859 71.433075 189.606293 -528.908264
199392.102656 70.198425 187.313385 -528.403748
199392.112451 71.609451 187.666138 -529.076416
199392.122247 70.022049 187.842514 -527.562866
199392.133861 69.140167 189.429916 -528.067383
199392.143634 70.374817 188.900772 -526.217468
199392.153437 70.374817 189.959045 -526.217468
199392.163232 70.022049 188.900772 -524.872070
199392.173024 69.492920 188.018890 -525.040222
199392.182825 71.080322 188.900772 -525.881104
199392.192622 69.140167 189.077164 -524.367554
199392.202417 69.845673 188.724396 -524.367554
199392.212211 69.316544 189.959045 -523.863037
199392.222013 70.198425 188.724396 -523.022156
199392.231833 68.787415 190.840942 -522.349487
199392.241624 68.258270 190.311798 -524.535706
199392.251431 68.787415 190.840942 -524.031189
199392.261224 69.845673 191.193695 -522.685791
199392.271016 70.022049 189.606293 -521.844910
199392.280829 69.140167 190.135422 -522.349487
199392.290630 68.963791 190.311798 -521.172241
199392.300431 69.140167 191.193695 -519.994995
199392.310229 68.787415 189.429916 -519.322327
199392.320031 67.905518 191.017319 -519.490479
199392.329827 68.434647 190.135422 -518.985962
199392.339623 67.023636 189.429916 -518.313232
199392.349425 67.376389 190.135422 -516.967896
199392.359217 66.670868 190.840942 -517.304199
199392.369022 67.023636 192.604721 -516.295166
199392.378809 66.318115 190.135422 -517.640564
199392.388623 67.552765 189.959045 -515.454285
199392.398421 67.552765 188.900772 -516.127014
199392.408200 66.670868 189.429916 -514.949768
199392.418011 67.200012 188.548019 -515.454285
199392.427802 67.729141 187.666138 -514.949768
199392.437607 66.494492 185.020462 -513.436218
199392.447420 67.376389 186.255112 -511.922638
199392.457215 69.845673 184.491333 -512.595337
199392.466981 67.729141 184.491333 -510.240906
199392.476801 67.552765 185.373215 -510.072723
199392.486597 67.552765 183.962204 -510.409058
199392.496395 69.669296 183.256683 -509.400024
199392.506200 68.787415 183.080307 -509.568207
199392.515985 67.023636 181.316528 -507.886475
199392.525813 67.023636 180.963776 -507.886475
199392.535604 68.434647 181.316528 -507.213745
199392.545404 66.847244 181.492905 -507.381958
199392.555193 66.847244 181.140152 -506.709229
199392.564996 67.023636 181.316528 -505.532013
199392.574793 66.670868 183.433060 -506.877411
199392.584602 66.141739 181.140152 -504.018433
199392.594385 65.436234 183.256683 -505.363831
199392.604181 64.554337 181.316528 -502.841248
199392.613970 65.788986 182.551178 -503.682098
199392.623774 65.436234 182.551178 -503.009399
199392.633569 63.319687 182.551178 -502.000366
199392.643397 62.614182 182.903931 -500.991333
199392.653178 61.908676 182.551178 -499.645935
199392.662975 60.850403 180.787399 -499.645935
199392.672784 59.968506 182.374802 -499.814087
199392.682582 60.144882 182.198410 -498.636871
199392.692408 59.792130 181.140152 -497.291473
199392.702199 58.557495 180.963776 -495.777893
199392.711990 56.970093 181.845657 -496.955139
199392.721764 57.322845 182.903931 -495.609741
199392.731603 56.440948 183.433060 -495.105225
199392.741398 56.440948 182.727554 -496.114258
199392.751178 55.911819 182.198410 -496.282410
199392.760998 54.500793 182.903931 -494.600708
199392.770806 54.853546 182.551178 -494.600708
199392.780586 53.618912 182.727554 -495.441559
199392.790410 54.324417 182.727554 -496.114258
199392.800208 54.853546 182.551178 -493.255310
199392.810005 55.911819 183.256683 -494.600708
199392.819803 53.795288 182.551178 -493.591644
199392.829585 54.500793 182.551178 -495.273376
199392.839406 54.677170 183.080307 -493.087097
199392.849204 52.560638 181.669281 -492.750763
199392.859004 52.384262 182.903931 -493.927979
199392.868803 52.737015 182.198410 -491.237183
199392.878595 53.618912 182.727554 -492.750763
199392.888392 49.385834 182.022034 -490.732666
199392.898201 50.796860 180.258255 -490.396332
199392.907997 49.209457 181.845657 -490.900848
199392.917781 50.267731 180.081879 -491.909912
199392.927595 49.914963 181.140152 -491.909912
199392.937394 49.562210 180.434631 -490.564514
199392.947168 48.680328 180.963776 -489.723633
199392.956965 47.974808 180.611023 -490.059998
199392.966791 46.211029 180.611023 -490.396332
199392.976556 45.505524 180.963776 -489.723633
199392.986383 45.152756 179.552750 -488.714600
199392.996179 46.387405 179.729126 -489.891785
199393.005975 45.681900 180.081879 -488.882751
199393.015772 44.270874 178.670853 -488.546417
199393.025566 45.329147 179.376373 -487.873718
199393.035364 43.918121 179.376373 -489.219116
199393.045161 43.741745 179.905502 -488.714600
199393.054982 44.623627 179.376373 -489.555450
199393.064765 44.800003 179.905502 -489.050934
199393.074568 44.270874 179.023621 -489.555450
199393.084366 43.918121 180.434631 -488.210083
199393.094174 44.800003 182.022034 -490.059998
199393.103961 43.741745 182.727554 -489.387268
199393.113761 46.211029 180.963776 -488.714600
199393.123566 46.740158 182.198410 -488.882751
199393.133369 45.152756 182.022034 -489.387268
199393.144121 45.505524 180.611023 -490.059998
199393.153913 46.563782 180.963776 -489.723633
199393.163715 47.622055 180.963776 -490.059998
199393.173510 47.092926 181.492905 -489.891785
199393.183313 49.209457 181.140152 -490.900848
199393.193111 49.209457 180.787399 -490.900848
199393.202908 48.856705 181.140152 -491.909912
199393.212716 50.444107 181.669281 -491.069031
199393.222514 51.855133 182.374802 -493.423462
199393.232294 51.325989 182.551178 -493.255310
199393.242105 54.853546 181.492905 -491.237183
199393.251907 54.853546 182.198410 -494.937042
199393.261683 56.617325 181.492905 -495.946075
199393.271503 57.146469 181.669281 -496.786957
199393.281306 57.322845 183.609436 -496.282410
199393.291108 58.910248 182.727554 -496.450623
199393.300908 59.086624 182.551178 -497.627808
199393.310693 61.203156 183.609436 -499.982269
199393.320491 62.085052 183.080307 -500.150452
199393.330308 61.555908 183.962204 -499.645935
199393.340090 61.555908 183.256683 -502.336700
199393.349905 62.966934 183.962204 -503.009399
199393.359715 64.025208 183.256683 -503.345764
199393.369502 65.612610 182.727554 -503.513916
199393.379300 64.907089 182.727554 -504.186646
199393.389107 65.788986 182.551178 -504.691162
199393.398920 64.907089 182.374802 -505.868347
199393.408707 66.670868 183.080307 -506.204712
199393.418510 66.494492 182.551178 -507.045593
199393.428278 67.376389 182.727554 -508.222809
199393.438074 67.552765 183.256683 -507.045593
199393.447870 68.258270 183.609436 -508.727325
199393.457697 68.081894 183.433060 -508.895508
199393.467488 67.729141 184.138580 -508.895508
199393.477290 68.963791 183.962204 -510.409058
199393.487086 67.023636 185.902359 -510.240906
199393.496882 69.669296 186.078735 -512.427185
199393.506677 67.729141 185.549591 -512.595337
199393.516480 68.081894 184.491333 -513.268066
199393.526261 68.434647 184.844086 -513.268066
199393.536066 69.140167 186.255112 -513.268066
199393.545867 69.316544 186.784241 -514.108887
199393.555672 70.198425 185.902359 -515.286133
199393.565473 70.374817 186.784241 -515.790649
199393.575251 71.080322 186.431488 -516.799683
199393.585069 70.022049 186.431488 -515.790649
199393.594860 70.551193 186.255112 -516.295166
199393.604645 71.080322 186.784241 -519.154175
199393.614454 69.492920 187.313385 -518.985962
199393.624249 70.374817 187.842514 -520.499512
199393.634061 70.727570 186.078735 -520.163208
199393.643860 71.962219 187.313385 -520.667725
199393.653659 69.845673 186.960617 -521.004028
199393.663452 70.903946 186.960617 -523.022156
199393.673248 72.314972 185.549591 -523.694824
199393.683050 71.433075 186.784241 -524.535706
199393.692853 71.785828 187.842514 -526.217468
199393.702652 70.727570 187.136993 -525.881104
199393.712457 72.138596 187.489761 -528.235535
199393.722254 71.609451 186.255112 -528.403748
199393.732057 70.727570 186.078735 -530.253662
199393.741844 70.727570 187.136993 -530.253662
199393.751657 70.903946 186.255112 -531.094482
199393.761448 71.080322 188.900772 -531.599060
199393.771265 71.256699 187.666138 -533.112610
199393.781059 71.080322 186.784241 -533.617126
199393.790857 69.316544 186.784241 -534.289795
199393.800653 70.022049 187.842514 -534.626160
199393.810450 69.492920 187.313385 -535.803406
199393.820245 70.551193 189.077164 -536.139771
199393.830037 70.022049 188.548019 -537.316956
199393.839837 67.905518 188.548019 -537.653320
199393.849638 70.551193 188.371643 -539.839600
199393.859436 68.611038 187.136993 -541.016785
199393.869240 68.963791 188.548019 -542.698547
199393.879022 67.729141 185.902359 -545.221191
199393.888818 67.376389 189.077164 -544.548462
199393.898616 67.200012 188.900772 -548.080139
199393.908411 65.965363 188.371643 -548.584656
199393.918229 64.730713 186.784241 -550.098206
199393.928004 63.319687 187.489761 -550.098206
199393.937800 64.201584 187.666138 -552.284485
199393.947627 63.848831 188.018890 -553.629883
199393.957423 63.496063 186.960617 -552.620850
199393.967207 62.437805 186.607864 -553.966187
199393.976998 61.203156 186.078735 -554.807129
199393.986810 59.968506 185.196838 -555.647949
199393.996606 59.615753 185.196838 -558.338745
199394.006402 58.557495 183.785812 -559.011475
199394.016211 55.382690 185.549591 -559.684143
199394.025996 55.029922 184.138580 -561.365906
199394.035796 54.324417 184.491333 -564.056702
199394.045587 51.325989 185.725983 -564.561218
199394.055389 50.796860 184.491333 -566.074768
199394.065188 47.622055 185.196838 -566.411133
199394.074990 46.034653 184.667709 -567.924683
199394.084768 46.034653 185.020462 -568.597412
199394.094578 45.152756 185.196838 -567.756531
199394.104382 44.623627 183.962204 -569.606445
199394.114168 43.918121 182.903931 -570.951843
199394.123982 41.977966 182.374802 -569.774597
199394.133779 39.861420 181.316528 -572.129028
199394.143564 39.155914 181.316528 -571.456360
199394.153904 38.626785 181.845657 -572.297241
199394.163698 37.039383 180.963776 -573.138062
199394.173494 35.451981 179.729126 -574.651672
199394.183292 34.217331 178.141724 -573.810791
199394.193092 34.922836 180.258255 -574.819824
199394.202886 33.511826 179.905502 -574.483521
199394.212685 33.159058 178.494476 -574.147156
199394.222462 31.218903 178.670853 -574.988037
199394.232281 31.218903 180.081879 -575.660706
199394.242078 29.807877 179.376373 -574.988037
199394.251857 29.278748 179.552750 -574.819824
199394.261665 29.984253 181.316528 -574.483521
199394.271456 29.278748 180.611023 -574.147156
199394.281244 26.985840 181.492905 -574.315308
199394.291057 25.927567 181.140152 -575.324341
199394.300836 27.162216 183.080307 -573.138062
199394.310630 25.045670 182.727554 -572.465393
199394.320445 24.692917 184.138580 -573.810791
199394.330225 25.751190 182.727554 -574.483521
199394.340051 23.634659 183.785812 -572.129028
199394.349848 24.692917 183.785812 -574.483521
199394.359623 22.752762 185.373215 -573.642639
199394.369435 21.694489 182.551178 -573.642639
199394.379237 22.400009 182.903931 -574.651672
199394.389032 22.752762 183.256683 -572.633545
199394.398828 22.400009 181.845657 -573.979004
199394.408624 22.929138 182.374802 -573.138062
199394.418420 21.518112 181.669281 -573.138062
199394.428218 22.223633 180.611023 -575.828857
199394.438013 22.223633 179.552750 -574.483521
199394.447810 21.165359 178.847229 -575.828857
199394.457626 21.165359 178.141724 -575.156189
199394.467421 20.636230 177.259827 -575.324341
199394.477228 20.459854 176.377945 -576.165222
199394.487024 20.107101 176.025192 -576.165222
199394.496822 20.283478 175.143295 -575.660706
199394.506616 21.341736 176.201569 -576.333374
199394.516424 19.577957 177.259827 -575.324341
199394.526220 20.107101 179.199997 -574.819824
199394.536006 20.283478 179.729126 -574.988037
199394.545801 21.694489 180.081879 -573.306274
199394.555599 21.341736 181.845657 -573.642639
199394.565379 22.576385 185.902359 -571.456360
199394.575190 21.341736 184.314957 -571.960876
199394.584998 20.459854 185.902359 -571.792725
199394.594783 20.283478 188.548019 -571.624512
199394.604596 20.988983 188.548019 -571.288208
199394.614384 22.400009 188.900772 -569.270081
199394.624180 22.400009 188.548019 -570.615479
199394.633980 20.988983 189.253540 -570.615479
199394.643782 21.518112 187.666138 -571.119995
199394.653559 19.401581 186.607864 -570.783691
199394.663376 19.048828 185.902359 -571.792725
199394.673170 19.754333 183.433060 -571.792725
199394.682968 17.814178 184.667709 -571.624512
199394.692764 19.401581 184.138580 -571.119995
199394.702563 17.461426 183.609436 -572.297241
199394.712346 17.108673 183.256683 -571.624512
199394.722136 15.344894 182.198410 -571.960876
199394.731929 14.992126 183.256683 -572.297241
199394.741744 16.050400 181.492905 -572.633545
199394.751536 13.933868 181.492905 -572.633545
199394.761317 15.344894 182.551178 -571.624512
199394.771128 14.639374 180.787399 -573.979004
199394.780924 14.639374 180.787399 -572.297241
199394.790704 14.286621 179.376373 -572.297241
199394.800532 13.757492 180.258255 -574.147156
199394.810327 11.993713 179.199997 -573.810791
199394.820124 12.522842 179.376373 -573.306274
199394.829932 11.817337 181.845657 -573.642639
199394.839716 10.406311 178.670853 -572.297241
199394.849512 10.406311 179.023621 -573.979004
199394.859309 8.466156 179.905502 -571.792725
199394.869104 9.171661 178.847229 -572.465393
199394.878900 7.584259 179.376373 -573.306274
199394.888696 9.171661 180.611023 -573.138062
199394.898493 5.467728 180.081879 -571.960876
199394.908309 6.878754 181.492905 -571.288208
199394.918086 6.349609 183.080307 -570.783691
199394.927905 5.644104 182.374802 -570.110962
199394.937690 7.760635 182.022034 -570.447327
199394.947489 8.466156 185.902359 -568.765564
199394.957300 8.113388 187.313385 -569.438232
199394.967101 10.406311 187.136993 -568.261047
199394.976889 10.406311 188.900772 -567.924683
199394.986688 10.406311 191.017319 -566.579285
199394.996489 12.699219 189.782669 -566.074768
199395.006281 10.935440 190.840942 -566.074768
199395.016077 13.051971 191.899200 -565.065735
199395.025879 14.110245 191.546448 -567.756531
199395.035674 13.228348 191.370071 -566.579285
199395.045480 12.170090 191.370071 -565.906616
199395.055280 13.404739 190.840942 -566.411133
199395.065082 12.346466 192.604721 -566.074768
199395.074855 13.051971 193.662979 -566.074768
199395.084672 12.522842 193.133850 -565.570251
199395.094471 13.228348 192.428345 -564.897583
199395.104260 11.111816 193.133850 -565.233887
199395.114075 13.051971 193.662979 -563.720337
199395.123872 13.051971 194.368500 -564.056702
199395.133644 14.110245 196.132278 -563.383972
199395.143457 14.639374 197.014160 -562.879456
199395.153259 15.168518 197.896057 -562.038574
199395.162488 14.992126 197.014160 -561.870422
199395.172296 15.697647 199.483459 -560.188660
199395.182063 13.933868 198.425186 -559.515991
199395.191883 14.462997 200.365341 -559.011475
199395.201683 15.521271 199.659836 -556.993347
199395.211465 14.110245 200.365341 -557.329712
199395.221262 12.346466 201.776367 -555.311646
199395.231060 14.110245 201.423615 -554.975281
199395.240870 14.286621 202.305496 -554.134399
199395.250665 15.168518 203.540146 -553.293518
199395.260465 14.286621 204.069290 -549.761841
199395.270258 16.579529 207.067703 -548.248291
199395.280054 16.579529 207.067703 -548.248291
199395.289839 16.403152 207.596848 -546.398376
199395.299643 15.697647 208.302353 -544.716614
199395.309442 16.226776 208.831482 -543.875732
199395.319232 17.285049 207.773224 -541.521301
199395.329038 18.343307 208.478729 -540.512268
199395.338832 19.048828 209.184250 -540.848633
199395.348641 17.637802 208.478729 -539.166870
199395.358433 16.579529 209.889755 -541.184998
199395.368242 17.814178 210.066132 -538.662354
199395.378044 18.696075 210.242508 -538.157837
199395.387837 18.696075 209.889755 -537.485107
199395.397637 17.990555 208.831482 -538.830566
199395.407431 19.930710 210.771652 -538.325989
199395.417239 19.401581 209.537003 -537.148804
199395.427018 19.048828 213.064560 -535.803406
199395.436822 17.285049 211.653534 -534.121643
199395.446628 19.577957 211.124405 -532.944458
199395.456415 20.812607 210.242508 -532.103577
199395.466211 20.636230 210.418884 -530.589966
199395.476008 22.223633 210.948029 -530.421814
199395.485819 22.752762 210.771652 -528.908264
199395.495600 24.340164 211.653534 -529.412781
199395.505412 24.516541 211.477158 -527.899170
199395.515210 22.752762 211.124405 -526.890137
199395.524988 23.987411 211.653534 -529.076416
199395.534800 23.634659 209.537003 -527.394653
199395.544593 22.576385 209.889755 -526.721985
199395.554368 22.576385 210.595261 -526.721985
199395.564201 23.987411 209.889755 -525.712952
199395.574001 23.105515 211.829910 -525.881104
199395.583790 23.281891 209.537003 -526.385620
199395.593597 22.223633 209.184250 -526.049316
199395.603392 20.459854 211.653534 -526.049316
199395.613184 22.400009 210.771652 -525.881104
199395.622978 23.458282 210.771652 -526.217468
199395.632792 20.107101 209.889755 -526.049316
199395.642589 22.752762 211.477158 -524.872070
199395.652383 22.223633 210.595261 -525.376587
199395.662165 22.929138 211.653534 -524.703857
199395.671982 22.929138 210.948029 -523.022156
199395.681757 21.165359 209.889755 -522.013123
199395.691573 20.636230 211.124405 -522.181274
199395.701376 21.518112 211.653534 -520.667725
199395.711176 22.400009 210.066132 -519.154175
199395.720972 20.988983 210.066132 -517.472412
199395.730768 22.752762 209.360626 -517.808716
199395.740571 21.165359 208.478729 -516.295166
199395.750361 22.576385 209.889755 -515.286133
199395.760157 22.576385 209.184250 -515.286133
199395.769952 20.459854 208.831482 -513.268066
199395.779754 20.636230 209.360626 -513.099854
199395.789570 21.694489 206.891327 -513.772583
199395.799362 20.988983 208.655106 -512.763550
199395.809138 21.518112 207.067703 -513.604370
199395.818963 22.400009 209.007858 -513.436218
199395.828765 21.165359 207.773224 -511.922638
199395.838545 20.283478 209.713379 -511.754456
199395.848358 20.812607 207.420471 -512.595337
199395.858149 21.341736 207.244080 -510.745422
199395.867940 22.400009 206.538574 -511.418121
199395.877753 21.341736 206.891327 -510.072723
199395.887556 20.988983 206.538574 -510.409058
199395.897357 22.223633 207.067703 -509.568207
199395.907145 22.223633 207.067703 -509.231873
199395.916956 22.223633 206.362198 -508.222809
199395.926735 21.870880 205.656677 -509.568207
199395.936543 22.400009 206.538574 -508.390991
199395.946344 20.283478 205.480301 -507.381958
199395.956144 22.752762 206.891327 -507.718262
199395.965941 21.870880 205.656677 -507.213745
199395.975733 22.576385 206.009445 -505.868347
199395.985529 22.400009 204.069290 -507.381958
199395.995331 20.636230 205.833069 -507.381958
199396.005122 20.988983 204.774796 -505.700195
199396.014918 21.694489 204.069290 -507.381958
199396.024718 22.047256 205.480301 -505.363831
199396.034509 20.459854 204.598419 -503.850281
199396.044310 20.283478 203.716522 -504.354797
199396.054120 21.870880 204.245667 -503.513916
199396.063915 21.165359 202.834641 -502.168518
199396.073724 20.636230 203.011017 -501.664001
199396.083511 21.341736 200.894485 -502.000366
199396.093294 21.165359 200.718109 -501.159485
199396.103107 20.283478 200.541718 -500.991333
199396.112910 22.223633 201.776367 -499.814087
199396.122705 22.047256 199.483459 -499.309570
199396.132515 20.107101 201.776367 -499.814087
199396.142297 20.283478 199.130707 -498.636871
199396.152110 20.988983 198.425186 -499.645935
199396.161891 21.518112 198.248810 -497.796021
199396.180232 20.459854 199.659836 -497.796021
199396.190045 19.401581 198.601562 -498.468689
199396.199839 20.812607 197.543304 -497.123291
199396.209633 20.283478 199.130707 -496.955139
199396.219416 20.107101 199.307083 -497.796021
199396.229212 21.870880 199.307083 -496.450623
199396.239030 21.165359 198.954315 -496.114258
199396.248831 22.400009 199.483459 -496.618774
199396.258620 22.223633 198.248810 -498.468689
199396.268413 23.634659 197.543304 -496.450623
199396.278218 22.752762 197.719681 -497.291473
199396.288000 21.694489 197.719681 -496.618774
199396.297809 23.811035 199.836212 -495.946075
199396.307611 22.752762 198.425186 -496.282410
199396.317403 22.223633 198.601562 -496.114258
199396.327209 23.811035 197.014160 -496.282410
199396.337000 22.752762 198.072433 -494.937042
199396.346795 23.811035 197.719681 -496.282410
199396.356588 23.987411 198.954315 -495.777893
199396.366394 23.987411 196.485031 -495.777893
199396.376197 23.811035 197.014160 -494.600708
199396.385990 23.811035 196.661407 -494.600708
199396.395783 23.811035 195.955902 -495.273376
199396.405577 23.105515 197.366928 -495.946075
199396.415383 21.870880 196.837784 -495.777893
199396.425186 22.752762 197.366928 -496.955139
199396.434975 23.987411 196.837784 -494.768860
199396.444775 23.458282 197.366928 -494.937042
199396.454554 25.045670 195.074005 -494.432495
199396.464365 24.692917 196.132278 -496.114258
199396.474147 23.634659 195.426758 -495.777893
199396.483926 24.692917 196.132278 -495.441559
199396.493723 24.163788 194.544876 -493.927979
199396.503550 23.811035 194.544876 -494.264343
199396.513328 22.752762 194.544876 -493.255310
199396.523126 22.752762 192.428345 -491.909912
199396.532935 24.516541 195.250381 -491.573547
199396.542720 22.752762 194.897629 -492.246246
199396.552515 24.516541 193.133850 -491.237183
199396.562311 24.692917 192.251953 -492.078064
199396.572108 23.458282 190.311798 -491.237183
199396.581904 24.340164 190.488174 -491.069031
199396.591699 25.045670 189.429916 -490.396332
199396.601525 25.045670 188.724396 -491.069031
199396.611320 25.222061 188.548019 -489.219116
199396.621119 29.278748 189.077164 -488.714600
199396.630920 25.398438 188.724396 -489.387268
199396.640721 29.102371 188.195267 -488.546417
199396.650507 26.280319 188.548019 -489.555450
199396.660317 27.514969 188.371643 -488.041870
199396.670114 28.573242 188.018890 -488.041870
199396.679895 28.573242 186.607864 -488.041870
199396.689703 27.338593 185.725983 -488.210083
199396.699484 28.396851 185.725983 -487.873718
199396.709283 28.396851 184.667709 -486.864685
199396.719093 29.631500 185.902359 -487.369202
199396.728884 29.102371 186.078735 -488.210083
199396.738658 28.220474 184.844086 -486.360138
199396.748480 28.749619 186.431488 -487.873718
199396.758278 27.338593 185.725983 -487.201019
199396.768061 26.633072 184.667709 -487.201019
199396.777867 27.162216 184.491333 -486.360138
199396.787664 28.220474 185.902359 -488.041870
199396.797451 28.044098 186.431488 -486.528320
199396.807256 27.514969 186.607864 -486.696472
199396.817027 26.809464 184.138580 -486.360138
199396.826837 28.044098 185.725983 -487.201019
199396.836652 26.633072 185.373215 -485.519287
199396.846429 28.749619 183.962204 -486.864685
199396.856236 27.162216 184.138580 -486.360138
199396.866033 28.749619 182.903931 -486.528320
199396.875818 30.160645 182.903931 -485.519287
199396.885625 28.925995 182.022034 -485.351105
199396.895420 29.278748 181.669281 -486.023804
199396.905206 31.042526 180.963776 -485.351105
199396.914998 30.689774 181.316528 -485.014771
199396.924802 31.042526 179.199997 -485.014771
199396.934594 30.513397 180.787399 -485.855621
199396.944399 32.100800 179.199997 -485.351105
199396.954194 32.806305 180.611023 -485.351105
199396.963970 32.806305 178.847229 -485.351105
199396.973780 31.924423 178.318100 -485.182922
199396.983561 32.453552 178.847229 -484.678406
199396.993372 33.335434 176.554321 -485.182922
199397.003167 34.393707 176.907074 -484.173889
199397.012963 35.099213 176.907074 -483.837524
199397.022761 35.804733 175.496048 -484.173889
199397.032556 34.570084 174.261414 -484.342041
199397.042352 37.215759 175.496048 -484.846558
199397.052148 36.686615 174.614166 -486.023804
199397.061948 37.039383 174.261414 -485.687439
199397.071728 38.274017 174.437790 -485.182922
199397.081545 37.921265 174.437790 -483.164825
199397.091342 36.863007 174.085037 -483.501160
199397.101139 36.686615 173.555893 -483.669373
199397.110934 38.097641 172.497635 -484.342041
199397.120733 38.979538 170.910233 -484.173889
199397.130517 38.097641 170.733856 -482.660309
199397.140309 37.921265 170.557465 -484.510223
199397.150113 39.155914 170.381088 -484.678406
199397.159909 39.685043 169.499207 -482.828491
199397.169707 39.861420 168.617310 -483.669373
199397.180474 39.332291 167.382675 -482.828491
199397.190295 41.625198 167.911804 -484.005707
199397.200088 41.272446 166.853531 -485.014771
199397.209885 43.388977 167.559052 -485.014771
199397.219659 43.388977 166.853531 -486.360138
199397.229479 46.211029 166.853531 -485.014771
199397.239269 44.094498 166.853531 -487.032837
199397.249045 44.976379 167.029907 -485.855621
199397.258871 47.269302 164.737000 -485.351105
199397.268673 45.858276 164.384247 -485.351105
199397.278466 46.740158 164.913376 -486.191956
199397.288265 46.034653 164.560623 -487.201019
199397.298067 49.033081 163.325974 -486.696472
199397.307851 47.974808 164.031494 -486.360138
199397.317650 47.092926 162.796844 -486.528320
199397.327447 50.444107 161.562195 -486.696472
199397.337232 50.796860 161.209442 -489.050934
199397.347049 49.385834 162.267715 -487.705536
199397.356830 50.444107 161.209442 -489.050934
199397.366647 51.502365 161.209442 -488.714600
199397.376444 50.973236 162.444092 -488.546417
199397.386225 52.031509 159.269287 -489.219116
199397.396034 51.678741 160.327545 -488.882751
199397.405836 52.737015 160.327545 -489.555450
199397.415613 52.384262 157.505508 -489.219116
199397.425425 53.089767 159.974792 -489.555450
199397.435206 54.148041 158.563766 -490.900848
199397.445002 54.853546 156.799988 -491.237183
199397.454782 55.559067 158.211014 -491.237183
199397.464593 55.029922 157.681885 -492.750763
199397.474389 57.146469 156.623611 -491.741730
199397.484182 57.851974 155.212585 -492.750763
199397.493999 57.851974 153.801559 -494.432495
199397.503778 59.263000 152.037781 -491.741730
199397.513575 59.792130 152.919678 -492.582581
199397.523370 58.733871 150.803146 -492.582581
199397.533169 58.910248 151.332275 -496.114258
199397.542987 60.321274 150.979523 -496.450623
199397.552757 59.968506 150.274002 -495.777893
199397.562560 61.379532 149.215744 -496.786957
199397.572374 62.437805 148.157471 -495.777893
199397.582180 61.026779 149.215744 -496.114258
199397.591963 63.143311 147.099197 -497.459656
199397.601783 63.496063 146.746445 -498.132355
199397.611575 63.848831 147.804718 -497.459656
199397.621379 64.025208 146.217316 -497.964172
199397.631180 63.672455 144.453537 -497.964172
199397.640981 61.908676 144.100784 -498.636871
199397.650766 64.201584 142.160629 -501.159485
199397.660563 64.554337 141.102356 -501.159485
199397.670368 63.496063 141.455109 -500.150452
199397.680167 64.907089 140.749603 -500.823120
199397.689966 64.201584 139.338577 -501.495850
199397.699764 64.025208 139.867706 -502.673035
199397.709557 65.259857 138.280304 -504.859314
199397.719351 65.788986 139.867706 -505.363831
199397.729151 65.436234 137.398422 -505.027496
199397.738951 65.612610 137.222046 -505.195679
199397.748755 65.965363 136.163773 -506.877411
199397.758538 66.141739 136.340149 -509.736389
199397.768349 66.318115 135.811020 -509.231873
199397.778147 66.318115 134.752747 -510.240906
199397.787943 66.670868 134.752747 -510.240906
199397.797738 65.965363 132.988968 -511.249939
199397.807540 65.612610 132.283463 -514.277100
199397.817308 66.141739 130.696060 -513.772583
199397.827131 67.023636 132.283463 -514.949768
199397.836939 67.023636 130.872437 -516.295166
199397.846717 67.023636 130.519684 -517.304199
199397.856529 67.376389 128.755890 -518.985962
199397.866304 66.847244 128.579514 -522.517639
199397.876118 65.788986 128.579514 -521.172241
199397.885918 67.376389 127.697632 -523.358521
199397.895685 64.907089 126.286606 -524.367554
199397.905515 66.670868 128.403137 -524.367554
199397.915307 67.200012 128.226761 -527.562866
199397.925074 67.376389 126.639359 -528.067383
199397.934899 65.436234 127.168503 -527.562866
199397.944687 66.670868 126.992111 -528.740112
199397.954492 65.965363 125.581100 -529.749146
199397.964289 66.318115 126.286606 -531.094482
199397.974084 67.729141 125.933853 -532.439941
199397.983851 66.141739 126.110229 -533.280762
199397.993677 65.788986 127.168503 -533.617126
199398.003451 66.670868 124.522827 -534.458008
199398.013270 64.730713 125.051956 -535.971558
199398.023063 65.612610 124.522827 -535.467041
199398.032866 64.201584 124.875580 -537.148804
199398.042658 63.143311 125.228333 -538.494202
199398.052452 64.554337 123.464554 -538.494202
199398.062259 64.025208 123.288177 -539.671387
199398.072041 62.790558 124.522827 -539.839600
199398.081857 62.437805 123.464554 -540.512268
199398.091656 61.026779 124.170074 -541.521301
199398.101440 62.261429 122.935425 -541.689514
199398.111250 59.792130 123.288177 -542.698547
199398.121037 60.497650 122.935425 -543.707581
199398.130843 59.263000 122.406296 -544.212097
199398.140646 59.968506 121.700775 -544.884827
199398.150446 59.968506 122.406296 -545.221191
199398.160236 58.381104 122.935425 -546.398376
199398.170037 58.557495 122.759048 -547.911926
199398.179833 59.439377 120.466141 -548.080139
199398.189075 59.263000 122.406296 -548.248291
199398.198875 58.557495 123.111801 -549.257324
199398.208666 57.499222 120.995270 -550.602722
199398.218465 56.970093 121.877151 -550.098206
199398.228263 54.148041 122.935425 -551.443604
199398.238062 55.559067 122.229919 -551.443604
199398.247862 56.088196 122.759048 -551.275452
199398.257661 53.971664 122.759048 -550.939087
199398.267449 53.795288 121.171646 -552.452637
199398.277264 52.913391 122.053528 -551.611816
199398.287063 52.913391 120.995270 -552.620850
199398.296863 52.913391 121.348022 -552.284485
199398.306663 52.560638 121.348022 -552.957153
199398.316442 52.913391 121.700775 -554.302551
199398.326249 50.620483 121.171646 -555.479797
199398.336041 51.502365 120.289749 -554.638916
199398.345850 49.385834 119.936996 -555.984314
199398.355646 49.562210 121.524399 -555.479797
199398.365441 49.033081 122.406296 -555.311646
199398.375239 50.267731 119.760620 -556.152466
199398.385034 48.856705 121.524399 -557.497864
199398.394831 47.622055 120.289749 -555.984314
199398.404627 46.563782 120.289749 -557.329712
199398.414422 44.270874 121.524399 -557.161499
199398.424249 47.445679 121.171646 -558.843262
199398.434037 45.329147 120.818893 -558.506958
199398.443821 44.976379 121.877151 -558.843262
199398.453631 44.976379 120.466141 -560.525024
199398.463422 43.036224 120.995270 -559.684143
199398.473230 42.507095 120.818893 -558.843262
199398.483036 42.859848 120.818893 -560.525024
199398.492823 41.272446 121.348022 -561.029541
199398.502621 40.214188 121.348022 -560.020508
199398.512422 39.861420 120.289749 -560.693176
199398.522207 39.332291 121.524399 -560.525024
199398.532009 37.568512 118.349594 -562.206787
199398.541812 37.215759 121.877151 -562.543091
199398.551597 35.804733 121.877151 -564.224854
199398.561400 35.628357 123.111801 -564.393066
199398.571201 33.511826 122.759048 -563.720337
199398.580993 35.099213 121.524399 -564.897583
199398.590807 33.688202 125.051956 -565.233887
199398.600579 32.277176 123.640930 -564.224854
199398.610398 34.393707 123.640930 -564.897583
199398.620193 32.453552 124.875580 -564.729370
199398.629991 31.395279 122.759048 -566.411133
199398.639785 31.218903 122.935425 -566.915649
199398.649592 31.218903 123.288177 -566.579285
199398.659387 29.102371 123.640930 -565.906616
199398.669185 29.807877 123.288177 -566.579285
199398.678991 28.573242 125.228333 -566.747437
199398.688775 28.220474 122.759048 -566.074768
199398.698578 27.514969 124.875580 -567.756531
199398.708378 28.573242 123.817322 -567.420166
199398.718164 26.280319 125.404709 -567.252014
199398.727973 24.163788 124.699203 -568.261047
199398.737773 23.281891 126.639359 -567.420166
199398.747552 23.281891 125.581100 -568.429199
199398.757371 22.752762 125.051956 -569.270081
199398.767168 23.105515 126.462982 -569.606445
199398.776943 21.341736 127.874008 -568.261047
199398.786767 20.459854 125.933853 -568.429199
199398.796564 20.459854 128.050385 -568.429199
199398.806330 20.283478 129.637787 -571.288208
199398.816152 21.518112 129.108658 -569.438232
199398.825952 20.283478 128.932281 -570.615479
199398.835748 19.754333 129.814163 -570.783691
199398.845544 19.048828 130.872437 -571.456360
199398.855341 20.107101 131.577942 -571.792725
199398.865136 20.283478 131.401566 -572.297241
199398.874921 21.165359 131.577942 -572.129028
199398.884717 19.225204 132.812592 -574.315308
199398.894512 18.343307 133.694473 -574.147156
199398.904341 17.637802 134.047241 -575.492554
199398.914128 18.166931 135.987396 -573.979004
199398.923916 16.755920 133.870865 -574.651672
199398.933727 15.697647 134.929123 -573.979004
199398.943506 14.992126 134.929123 -574.315308
199398.953307 15.521271 136.163773 -574.147156
199398.963117 15.168518 134.047241 -573.474426
199398.972895 15.521271 136.516525 -572.801758
199398.982718 16.579529 135.811020 -573.810791
199398.992512 14.462997 134.399994 -572.801758
199399.002313 13.581116 136.340149 -573.979004
199399.012102 11.464569 133.518097 -573.642639
199399.021892 10.759064 135.281876 -573.642639
199399.031702 11.817337 134.929123 -573.306274
199399.041490 10.935440 134.752747 -572.129028
199399.051293 9.700790 134.576370 -572.969910
199399.061074 8.995285 134.576370 -571.960876
199399.070895 8.818909 135.458267 -571.792725
199399.080682 8.642532 135.987396 -571.624512
199399.090479 7.407883 134.752747 -573.138062
199399.100286 7.584259 134.929123 -570.279114
199399.110070 7.055130 134.047241 -572.129028
199399.119883 6.878754 134.576370 -570.951843
199399.129689 5.996857 135.105499 -570.110962
199399.139475 5.644104 134.047241 -569.438232
199399.149291 3.880325 134.752747 -568.765564
199399.159083 3.527573 135.458267 -569.774597
199399.168879 2.998428 137.045654 -569.270081
199399.178671 1.587402 137.045654 -569.942749
199399.188474 0.705521 135.458267 -570.110962
199399.198113 0.529144 136.340149 -569.942749
199399.207941 -0.176376 137.751175 -567.924683
199399.217734 0.352768 137.574799 -568.429199
199399.227506 -0.705505 137.574799 -568.765564
199399.237329 -1.234634 138.809448 -569.270081
199399.247126 -0.705505 136.516525 -568.092896
199399.256890 -3.703934 139.162201 -567.588379
199399.266687 -3.174789 136.869278 -566.747437
199399.276500 -3.527557 138.280304 -567.420166
199399.286298 -3.880310 137.222046 -567.756531
199399.296106 -4.585815 136.869278 -567.756531
199399.305903 -4.938568 138.280304 -566.747437
199399.315686 -3.880310 138.280304 -564.729370
199399.325488 -5.996841 138.280304 -566.074768
199399.335287 -5.644089 138.633057 -565.738403
199399.345086 -7.584244 138.103928 -565.233887
199399.354886 -7.231491 138.809448 -566.579285
199399.364678 -8.289749 140.220459 -566.242920
199399.374481 -8.289749 139.162201 -565.570251
199399.384279 -8.642517 140.925980 -563.888489
199399.394081 -11.288177 141.807861 -563.720337
199399.403879 -11.640930 141.807861 -562.374939
199399.413670 -11.464554 143.395264 -563.888489
199399.423455 -11.464554 144.100784 -562.879456
199399.433249 -11.464554 144.453537 -562.879456
199399.443059 -12.699203 144.629913 -562.038574
199399.452844 -13.404724 144.277161 -562.038574
199399.462657 -13.757477 143.924408 -563.047607
199399.472449 -14.110229 143.571640 -561.702271
199399.482232 -13.581100 141.984238 -561.534058
199399.492049 -14.992111 144.453537 -562.206787
199399.501850 -14.639359 143.748016 -561.534058
199399.511645 -13.757477 146.746445 -561.702271
199399.521437 -15.344879 145.511810 -560.188660
199399.531239 -15.697632 146.570068 -561.197754
199399.541018 -17.285034 147.451965 -559.684143
199399.550831 -16.579514 147.451965 -559.011475
199399.560601 -17.285034 147.451965 -559.347778
199399.570406 -15.874008 147.451965 -559.684143
199399.580221 -17.814163 147.628342 -558.843262
199399.590021 -18.166916 147.981094 -556.825195
199399.599824 -17.814163 148.333847 -557.161499
199399.609610 -19.225189 148.686600 -556.488831
199399.619412 -19.401566 147.451965 -556.993347
199399.629215 -19.401566 148.157471 -556.656982
199399.639000 -21.165344 148.862991 -554.975281
199399.648789 -20.283463 148.686600 -556.488831
199399.658600 -21.341721 149.392120 -554.807129
199399.668401 -20.636215 149.744873 -554.470764
199399.678187 -22.752747 148.333847 -553.125366
199399.687982 -20.988968 148.686600 -552.452637
199399.697795 -20.283463 149.039368 -552.452637
199399.707605 -23.281876 149.568497 -551.275452
199399.717402 -23.634644 149.921249 -549.593689
199399.727166 -22.929123 150.274002 -551.275452
199399.736993 -23.811020 150.803146 -550.770874
199399.746790 -24.340149 150.274002 -548.584656
199399.756585 -24.340149 152.037781 -548.921021
199399.766390 -23.634644 151.332275 -546.566528
199399.776178 -24.869278 151.861404 -548.752808
199399.785975 -25.751175 152.390549 -546.902893
199399.795746 -26.103928 151.685028 -545.893860
199399.805575 -26.456680 153.096054 -546.230225
199399.815378 -25.222046 154.330704 -545.389343
199399.825162 -27.338577 153.625183 -545.052979
199399.834978 -26.809448 153.801559 -544.884827
199399.844772 -26.809448 154.507080 -541.521301
199399.854572 -27.691330 154.683456 -542.025879
199399.864373 -28.749603 154.330704 -541.353149
199399.874165 -26.985825 155.741730 -540.007751
199399.883963 -28.044083 158.211014 -540.344116
199399.893772 -28.749603 158.916534 -537.989685
199399.903570 -25.927551 157.858261 -538.325989
199399.913359 -27.691330 158.916534 -538.325989
199399.923157 -29.631485 160.856689 -536.139771
199399.932944 -28.044083 161.385818 -537.653320
199399.942760 -28.749603 162.091324 -535.971558
199399.952552 -27.338577 164.560623 -535.971558
199399.962335 -28.396835 164.913376 -535.635254
199399.972159 -26.633057 168.088181 -534.962524
199399.981951 -27.514954 166.500778 -535.467041
199399.991754 -27.691330 169.146454 -534.626160
199400.001552 -27.691330 170.204712 -534.626160
199400.011346 -26.985825 171.968491 -534.626160
199400.021128 -26.456680 173.908646 -532.103577
199400.030943 -25.927551 175.848816 -532.608093
199400.040743 -24.869278 177.965347 -532.608093
199400.050525 -23.105499 180.081879 -531.935425
199400.060337 -24.340149 180.611023 -532.103577
199400.070135 -22.576370 180.963776 -531.767212
199400.079923 -22.576370 182.022034 -530.085449
199400.089726 -22.399994 183.609436 -529.917297
199400.099521 -19.577942 184.667709 -530.253662
199400.109325 -19.577942 186.078735 -530.589966
199400.119105 -19.930695 187.489761 -530.253662
199400.128931 -19.401566 188.724396 -529.749146
199400.138726 -17.990540 188.371643 -528.740112
199400.148523 -18.166916 189.606293 -529.244629
199400.158288 -16.226761 189.077164 -528.740112
199400.168116 -16.755905 190.311798 -527.562866
199400.177911 -15.697632 191.017319 -526.553833
199400.187707 -15.697632 192.428345 -527.226501
199400.197503 -16.226761 192.251953 -527.394653
199400.207112 -14.992111 193.839355 -526.553833
199400.216883 -13.228333 194.192123 -525.881104
199400.226700 -12.699203 195.074005 -526.049316
199400.236488 -13.404724 195.426758 -525.712952
199400.246298 -13.933853 195.250381 -526.553833
199400.256095 -10.582672 197.190536 -526.385620
199400.265886 -10.759048 197.719681 -526.217468
199400.275677 -10.053543 197.366928 -526.217468
199400.285483 -10.053543 199.836212 -526.217468
199400.295282 -8.995270 198.425186 -524.872070
199400.305070 -7.407867 199.307083 -525.376587
199400.314870 -5.996841 199.307083 -526.721985
199400.324682 -5.996841 201.070862 -525.376587
199400.334459 -5.114960 201.599991 -526.217468
199400.344279 -5.644089 201.423615 -525.376587
199400.354074 -4.938568 203.540146 -526.049316
199400.363870 -4.409439 202.658264 -525.544800
199400.373660 -3.880310 203.540146 -525.040222
199400.383458 -2.822037 202.129120 -525.712952
199400.393262 -1.763779 204.245667 -524.367554
199400.403051 -1.587387 204.422043 -525.208435
199400.412850 0.000000 204.245667 -524.367554
199400.422632 -0.176376 204.069290 -523.863037
199400.432451 0.881897 205.833069 -523.863037
199400.442224 1.411026 204.245667 -525.040222
199400.452038 2.469299 207.420471 -524.703857
199400.461835 4.938583 207.067703 -526.049316
199400.471643 4.409454 206.891327 -526.890137
199400.481418 5.644104 206.714951 -527.731018
199400.491213 5.291351 207.420471 -527.394653
199400.501001 5.291351 206.362198 -529.076416
199400.510818 5.996857 207.067703 -529.749146
199400.520618 7.055130 208.125977 -531.094482
199400.530398 7.407883 207.773224 -532.439941
199400.540205 7.760635 207.773224 -531.767212
199400.550013 8.818909 208.125977 -532.776245
199400.559793 9.877167 209.184250 -533.448975
199400.569604 9.700790 209.713379 -533.617126
199400.579386 11.817337 208.655106 -533.617126
199400.589197 13.051971 207.420471 -534.794373
199400.598993 13.051971 208.125977 -534.458008
199400.608789 12.699219 209.889755 -536.812439
199400.618586 13.933868 207.949600 -535.298889
199400.628378 14.992126 208.302353 -537.316956
199400.638177 13.581116 209.360626 -536.980591
199400.647974 15.521271 210.595261 -537.148804
199400.657784 15.168518 208.125977 -538.157837
199400.667559 16.050400 209.007858 -537.653320
199400.677362 17.108673 209.360626 -538.325989
199400.687164 17.990555 207.067703 -539.166870
199400.696954 17.285049 208.831482 -540.175903
199400.706766 18.343307 209.184250 -541.184998
199400.716558 17.814178 209.713379 -541.353149
199400.726342 18.519699 207.596848 -541.016785
199400.736152 18.166931 207.949600 -542.025879
199400.745943 18.343307 208.125977 -543.539429
199400.755727 18.343307 208.125977 -542.194031
199400.765540 19.577957 207.244080 -543.034912
199400.775323 19.048828 209.184250 -545.221191
199400.785133 19.930710 209.360626 -544.716614
199400.794935 19.048828 208.478729 -544.212097
199400.804737 20.283478 207.244080 -545.389343
199400.814508 21.518112 208.125977 -545.557495
199400.824316 20.283478 207.949600 -545.389343
199400.834114 19.754333 207.067703 -544.548462
199400.843899 18.696075 207.420471 -545.557495
199400.853707 19.225204 206.891327 -545.725708
199400.863497 19.401581 207.420471 -548.584656
199400.873298 18.696075 204.951172 -547.239258
199400.883087 18.872452 204.774796 -547.071045
199400.892891 19.754333 206.714951 -548.584656
199400.902678 20.107101 207.420471 -548.921021
199400.912475 19.048828 205.656677 -547.911926
199400.922278 18.872452 205.833069 -548.752808
199400.932067 19.401581 205.303925 -549.257324
199400.941867 18.872452 205.127548 -550.098206
199400.951649 18.872452 205.833069 -551.107239
199400.961464 17.814178 204.774796 -551.779968
199400.971259 19.754333 205.303925 -551.611816
199400.981042 18.343307 204.598419 -551.948120
199400.990855 19.225204 205.127548 -553.461670
199401.000645 19.577957 204.774796 -553.125366
199401.010438 18.343307 203.187393 -553.293518
199401.020225 18.166931 202.658264 -553.798035
199401.030024 17.461426 203.716522 -554.134399
199401.039819 18.166931 201.952744 -554.807129
199401.049615 19.048828 202.481888 -554.975281
199401.059412 20.283478 203.011017 -555.816162
199401.069225 18.519699 201.247238 -555.479797
199401.079003 19.401581 200.365341 -555.984314
199401.088801 19.577957 199.836212 -557.834229
199401.098596 19.048828 199.659836 -556.656982
199401.108393 19.225204 200.541718 -559.852295
199401.118188 20.636230 198.777939 -558.506958
199401.127971 20.812607 198.601562 -559.011475
199401.137794 21.518112 198.601562 -559.684143
199401.147562 21.694489 198.072433 -561.197754
199401.157367 21.870880 198.954315 -561.029541
199401.167176 23.105515 196.661407 -561.534058
199401.176965 22.752762 197.014160 -561.870422
199401.186764 22.047256 197.366928 -562.879456
199401.196559 23.281891 196.837784 -562.038574
199401.206354 25.045670 196.485031 -562.374939
199401.216788 25.222061 195.250381 -562.543091
199401.226584 25.574814 195.603134 -563.215820
199401.236378 25.927567 197.719681 -563.552124
199401.246175 28.749619 195.250381 -562.879456
199401.255976 29.631500 195.426758 -563.047607
199401.265766 30.160645 197.014160 -562.879456
199401.275568 33.335434 194.897629 -563.215820
199401.285356 33.159058 193.662979 -562.711304
199401.295136 34.746460 193.839355 -562.543091
199401.304964 35.804733 193.133850 -563.552124
199401.314752 36.510239 194.544876 -564.224854
199401.324537 36.157486 193.486603 -564.224854
199401.334344 36.510239 191.722824 -564.561218
199401.344143 37.568512 191.722824 -564.224854
199401.353929 38.274017 190.664566 -564.897583
199401.363738 39.861420 190.488174 -564.393066
199401.373532 40.037796 189.959045 -566.242920
199401.383328 39.508667 190.135422 -564.729370
199401.393137 40.743317 190.311798 -565.570251
199401.402917 41.272446 189.782669 -565.065735
199401.412727 41.801575 189.253540 -565.906616
199401.422520 43.036224 189.429916 -567.083801
199401.432306 43.565369 189.606293 -566.915649
199401.442115 43.741745 188.724396 -564.729370
199401.451904 44.976379 188.548019 -567.588379
199401.461682 45.152756 187.666138 -565.738403
199401.471490 45.681900 188.195267 -564.897583
199401.481293 44.800003 187.313385 -566.074768
199401.491093 46.034653 187.136993 -565.233887
199401.500887 46.034653 187.489761 -564.561218
199401.510685 47.622055 187.666138 -566.074768
199401.520469 43.741745 187.666138 -566.074768
199401.530284 46.034653 185.725983 -566.579285
199401.540063 44.270874 186.431488 -565.570251
199401.549864 44.623627 186.078735 -567.252014
199401.559655 45.681900 184.667709 -567.252014
199401.569451 45.681900 185.373215 -567.252014
199401.579261 44.447250 184.491333 -568.765564
199401.589044 44.623627 185.373215 -568.261047
199401.598880 44.094498 182.727554 -568.765564
199401.608686 43.388977 183.433060 -570.110962
199401.618492 45.329147 182.198410 -570.615479
199401.628272 44.976379 182.198410 -569.270081
199401.638072 45.152756 179.552750 -570.447327
199401.647867 43.565369 180.434631 -569.942749
199401.657665 42.859848 180.081879 -572.297241
199401.667464 43.565369 179.729126 -571.288208
199401.677265 41.801575 179.376373 -570.615479
199401.687054 41.272446 178.141724 -571.792725
199401.696857 40.743317 178.318100 -572.633545
199401.706653 39.155914 178.847229 -572.801758
199401.716444 38.450394 178.494476 -573.138062
199401.726249 38.097641 179.199997 -573.474426
199401.736041 38.097641 176.730698 -573.138062
199401.745830 36.686615 176.025192 -575.156189
199401.755635 34.570084 176.377945 -574.483521
199401.765422 36.863007 176.554321 -573.979004
199401.775218 34.922836 176.377945 -573.474426
199401.785017 35.275604 177.788971 -575.492554
199401.794806 32.100800 176.025192 -574.147156
199401.804589 31.748032 176.025192 -575.828857
199401.814405 31.395279 176.730698 -576.165222
199401.824200 30.513397 177.259827 -575.324341
199401.833985 28.749619 176.554321 -576.333374
199401.843788 28.220474 176.730698 -575.492554
199401.853558 25.398438 177.788971 -575.828857
199401.863375 26.456696 177.083450 -576.501587
199401.873183 26.456696 177.788971 -575.828857
199401.882993 25.398438 178.494476 -574.819824
199401.892773 25.574814 178.318100 -575.660706
199401.902585 24.516541 178.670853 -576.669739
199401.912364 23.634659 177.436218 -574.147156
199401.922169 24.340164 178.141724 -575.828857
199401.931966 22.047256 179.023621 -575.324341
199401.941772 23.105515 177.965347 -575.997070
199401.951565 20.459854 178.494476 -576.837952
199401.961368 20.812607 178.847229 -575.492554
199401.971141 20.988983 179.376373 -575.324341
199401.980969 19.754333 179.552750 -576.165222
199401.990764 19.225204 179.729126 -575.324341
199402.000560 19.401581 179.199997 -574.147156
199402.010327 19.930710 179.729126 -574.315308
199402.020123 17.990555 181.669281 -574.483521
199402.029919 16.932297 179.552750 -573.810791
199402.039719 16.579529 180.258255 -574.819824
199402.049542 16.755920 181.845657 -575.324341
199402.059328 16.755920 182.198410 -573.306274
199402.069120 16.755920 182.198410 -571.960876
199402.078917 15.697647 180.434631 -573.642639
199402.088705 16.932297 182.022034 -574.147156
199402.098516 17.461426 182.198410 -574.651672
199402.108319 16.403152 182.551178 -573.306274
199402.118109 14.992126 181.845657 -572.969910
199402.127910 15.697647 184.314957 -571.960876
199402.137702 15.697647 182.903931 -573.306274
199402.147506 15.874023 181.316528 -573.810791
199402.157296 17.637802 182.374802 -572.801758
199402.167086 17.285049 183.433060 -573.810791
199402.176896 18.519699 182.903931 -572.969910
199402.186683 16.932297 183.080307 -573.810791
199402.196484 17.637802 182.727554 -573.810791
199402.206274 18.166931 183.609436 -573.306274
199402.216083 17.637802 184.138580 -573.138062
199402.225444 17.461426 185.020462 -571.624512
199402.235235 19.225204 183.962204 -572.297241
199402.245027 17.108673 183.962204 -572.969910
199402.254834 19.225204 185.373215 -572.969910
199402.264614 17.461426 182.551178 -573.306274
199402.274426 18.166931 183.962204 -571.960876
199402.284202 18.166931 185.373215 -572.297241
199402.294012 17.814178 183.962204 -571.960876
199402.303813 16.932297 183.785812 -571.456360
199402.313589 18.519699 184.314957 -573.642639
199402.323402 18.872452 184.314957 -573.306274
199402.333171 18.166931 184.667709 -572.297241
199402.342975 18.343307 182.727554 -572.465393
199402.352786 18.696075 183.785812 -573.138062
199402.362591 17.990555 185.549591 -571.792725
199402.372356 19.930710 184.314957 -571.960876
199402.382183 17.461426 185.020462 -572.297241
199402.391948 18.519699 185.373215 -573.979004
199402.401775 19.577957 183.256683 -572.633545
199402.411571 17.990555 183.080307 -573.138062
199402.421368 17.814178 185.020462 -572.297241
199402.431163 18.872452 184.667709 -573.306274
199402.440960 19.225204 184.314957 -572.297241
199402.450756 18.166931 184.314957 -572.969910
199402.460530 17.637802 183.433060 -572.801758
199402.470348 18.343307 184.138580 -572.465393
199402.480144 19.225204 183.962204 -573.306274
199402.489955 19.048828 184.844086 -573.810791
199402.499749 19.754333 182.727554 -572.465393
199402.509532 19.048828 184.491333 -571.119995
199402.519340 18.872452 183.609436 -572.633545
199402.529138 20.283478 184.667709 -572.633545
199402.538931 19.930710 183.962204 -573.979004
199402.548728 19.048828 182.727554 -571.792725
199402.558528 19.401581 184.138580 -572.801758
